
PSR:    J1059-5742      B1056-57                             Scode:   5010
RAB:    10:56:55.25000  +/- 00:00:0 .05995
DECB:  -57:26:08.5000   +/- 00:00:0 .4002
RAJ:    10:59:0 .90003  +/- 00:00:0 .05995
DECJ:  -57:42:14.1540   +/- 00:00:0 .4002
l,b:    288.345   1.948
P:      1.184997402910000100  +/-   .000000000180000000
Pdot:   4.288000D-15  +/-    8.000000D-18
Pepoch: 43558.
DM:      107.9000  +/-     1.2000
w50:     16.00 ms     13.50 mP
s400:    19.00
s1400:    2.00
RM:      -75.00  +/-   10.00
d,z:       2.74     .09   aa
model d:       2.74  (model 1)
L:       2.15
age:     6.64
Edot:   32.01
B:      12.36
