
PSR:    J1829-1751      B1826-17                             Scode:   5212
RAB:    18:26:47.98100  +/- 00:00:0 .01200
DECB:  -17:53:06.1000   +/- 00:00:01.8007
RAJ:    18:29:43.12062  +/- 00:00:0 .01200
DECJ:  -17:51:02.8516   +/- 00:00:01.8007
l,b:     14.605  -3.418
P:       .307131499127999970  +/-   .000000000006000000
Pdot:   5.561900D-15  +/-    3.000000D-19
Pepoch: 46800.
DM:      217.8000  +/-      .5000
w50:     45.90 ms    149.45 mP
s400:    78.00
s1400:   10.30
RM:      317.00  +/-   16.00
d,z:       5.52    -.33   cc
model d:       5.52  (model 1)
L:       3.38
age:     5.94
Edot:   33.88
B:      12.12
