
PSR:    J0040+5716      B0037+56                             Scode:     40
RAB:    00:37:41.04000  +/- 00:00:0 .01994
DECB:  +56:59:57.0000   +/- 00:00:0 .2001
RAJ:    00:40:32.36844  +/- 00:00:0 .01994
DECJ:  +57:16:24.5512   +/- 00:00:0 .2001
l,b:    121.452  -5.567
P:      1.118224460710000000  +/-   .000000000040000000
Pdot:   2.879000D-15  +/-    1.000000D-18
Pepoch: 46111.
DM:       90.6000  +/-      .5000
w50:     12.20 ms     10.91 mP
s400:     7.50
s1400:     .60
RM:        9.00  +/-   13.00
d,z:       4.32    -.42   ba
model d:       4.32  (model 1)
L:       2.15
age:     6.79
Edot:   31.91
B:      12.26
