
PSR:    J1335-3642      B                                    Scode:   4000
RAB:    13:32:42.43960  +/- 00:00:19.93893
DECB:  -36:26:41.2536   +/- 00:03:59.2672
RAJ:    13:35:36.00000  +/- 00:00:19.93893
DECJ:  -36:42:0 .0000   +/- 00:03:59.2672
l,b:    312.713  25.332
P:       .399191999999999990  +/-   .000003000000000000
DM:       41.0000  +/-     1.0000
w50:      8.70 ms     21.79 mP
s400:    10.00
d,z:    >  4.11    1.76   c 
model d:    >  4.11  (model 1)
