
PSR:    J1909+0007      B1907+00                             Scode:  24450
RAB:    19:07:01.58600  +/- 00:00:0 .00400
DECB:  +00:03:03.6000   +/- 00:00:0 .0699
RAJ:    19:09:35.24820  +/- 00:00:0 .00400
DECJ:  +00:07:57.8835   +/- 00:00:0 .0699
l,b:     35.123  -3.977
P:      1.016945457650000100  +/-   .000000000070000000
Pdot:   5.515100D-15  +/-    5.000000D-19
Pepoch: 42647.
DM:      112.9000  +/-      .3000
w50:     10.50 ms     10.33 mP
s400:    12.00
s1400:     .80
RM:      -40.00  +/-   15.00
d,z:       3.26    -.23   aa
model d:       3.26  (model 1)
L:       2.11
age:     6.47
Edot:   32.32
B:      12.38
