
PSR:    J1614-5047      B1610-50                             Scode:   1000
RAB:    16:10:28.80000  +/- 00:00:0 .29977
DECB:  -50:39:45.0000   +/- 00:00:04.0015
RAJ:    16:14:15.41686  +/- 00:00:0 .29977
DECJ:  -50:47:18.5018   +/- 00:00:04.0015
l,b:    332.223    .173
P:       .231601763220000010  +/-   .000000000040000000
Pdot:   4.925450D-13  +/-    3.000000D-18
Pepoch: 48658.
DM:      586.0000  +/-     5.0000
w50:     13.00 ms     56.13 mP
s1400:    2.50
RM:     -560.00  +/-   60.00
log tau_s:    -1.45
d,z:       7.26     .02   bb
model d:       7.26  (model 1)
L:       2.94
age:     3.87
Edot:   36.20
B:      13.03
