
PSR:    J0437-4715      B                  Type: BMR         Scode:   4000
RAB:    04:35:49.59613  +/- 00:00:0 .00020
DECB:  -47:21:04.8910   +/- 00:00:0 .0060
RAJ:    04:37:15.71020  +/- 00:00:0 .00020
DECJ:  -47:15:07.9980   +/- 00:00:0 .0060
Epoch:      0.
PMRA:   114.000  +/-     2.000
PMDEC:  -72.000  +/-     4.000
l,b:    253.394 -41.964
P:       .005757451819356000  +/-   .000000000000004000
Pdot:   5.709000D-20  +/-    1.000000D-22
Pepoch: 48825.
DM:        2.6484  +/-      .0001
w50:      1.11 ms    192.79 mP
s400:   600.00
s1400:   90.00
d,z:        .14    -.09   aa
model d:        .14  (model 1)
L:       1.07
age:     9.20
Edot:   34.07
B:       8.76
x:         3.3666787  +/-      .0000014
e:          .000018700  +/-      .000001000
T0:     48817.82582880  +/-       .00000010
Pb (s):    496026.0572256  +/-           .0010368
Pb (d):    5.741042329000  +/-      .000000012000
Om:         .788747  +/-     .0000010
