
PSR:    J1338-6204      B1334-61                             Scode:   1000
RAB:    13:34:44.37000  +/- 00:00:0 .05005
DECB:  -61:49:04.0000   +/- 00:00:0 .4002
RAJ:    13:38:09.34549  +/- 00:00:0 .05005
DECJ:  -62:04:18.6514   +/- 00:00:0 .4002
l,b:    308.373    .305
P:      1.238989576500000100  +/-   .000000000040000000
Pdot:   1.385400D-14  +/-    2.000000D-18
Pepoch: 48376.
DM:      638.0000  +/-     3.0000
w50:     88.00 ms     71.03 mP
s1400:    6.00
RM:     -452.00  +/-    8.00
log tau_s:    -1.55
d,z:       8.14     .04   aa
model d:       8.14  (model 1)
L:       2.65
age:     6.15
Edot:   32.46
B:      12.62
