
PSR:    J1926+1434      B1924+14                             Scode:   2104
RAB:    19:24:39.58100  +/- 00:00:0 .01595
DECB:  +14:28:48.5000   +/- 00:00:0 .4992
RAJ:    19:26:57.22843  +/- 00:00:0 .01595
DECJ:  +14:34:55.0020   +/- 00:00:0 .4992
l,b:     49.923  -1.040
P:      1.324921859570000100  +/-   .000000000030000000
Pdot:   2.230000D-16  +/-    5.000000D-18
Pepoch: 42824.
DM:      205.0000  +/-    20.0000
w50:     16.10 ms     12.15 mP
s400:     9.00
s1400:     .20
d,z:       7.72    -.14   aa
model d:       7.72  (model 1)
L:       2.73
age:     7.97
Edot:   30.58
B:      11.74
