
PSR:    J2145-0750      B                  Type: BMR         Scode:   4000
RAB:    21:43:11.47056  +/- 00:00:0 .00501
DECB:  -08:04:09.9153   +/- 00:00:0 .2001
RAJ:    21:45:50.44000  +/- 00:00:0 .00501
DECJ:  -07:50:17.9000   +/- 00:00:0 .2001
l,b:     47.777 -42.083
P:       .016052423655500001  +/-   .000000000000200000
DM:        9.0000  +/-      .0010
w50:      1.20 ms     74.76 mP
s400:    50.00
s1400:   10.00
d,z:        .50    -.34   aa
model d:        .50  (model 1)
x:        10.1641100  +/-      .0000100
e:          .000021000  +/-      .000002000
T0:     48915.42515600  +/-       .00000100
Pb (s):    590881.1811840  +/-           .0069120
Pb (d):    6.838902560000  +/-      .000000080000
Om:      201.000000  +/-    5.0000000
