
PSR:    J1809-3547      B                                    Scode:   4000
RAB:    18:06:31.10218  +/- 00:00:14.98858
DECB:  -35:47:35.8508   +/- 00:03:0 .0692
RAJ:    18:09:53.00000  +/- 00:00:14.98858
DECJ:  -35:46:60.0000   +/- 00:03:0 .0692
l,b:    356.587  -7.841
P:       .860400000000000050  +/-   .000900000000000000
DM:      194.0000  +/-     5.0000
w50:     82.00 ms     95.30 mP
s400:    24.00
d,z:    > 12.90   -1.76   b 
model d:    > 12.90  (model 1)
