
PSR:    J1931+30        B                                    Scode:  20000
RAB:    19:29:13.62249  +/- 00:00:15.95115
DECB:  +30:28:35.6725   +/- 00:04:59.0840
RAJ:    19:31:11.00000  +/- 00:00:15.95115
DECJ:  +30:35:0 .0000   +/- 00:04:59.0840
l,b:     64.477   5.727
P:       .582219000000000040  +/-   .000001000000000000
DM:       56.0000  +/-    11.0000
d,z:       3.03     .30   aa
model d:       3.03  (model 1)
