
PSR:    J0147+5922      B0144+59                             Scode:    200
RAB:    01:44:20.78900  +/- 00:00:0 .00501
DECB:  +59:07:06.4800   +/- 00:00:0 .0499
RAJ:    01:47:44.66547  +/- 00:00:0 .00501
DECJ:  +59:22:03.1903   +/- 00:00:0 .0499
l,b:    130.059  -2.723
P:       .196321251322700010  +/-   .000000000000400000
Pdot:   2.569900D-16  +/-    2.000000D-20
Pepoch: 48416.
DM:       40.1020  +/-      .0120
w50:      7.00 ms     35.66 mP
s400:     6.60
s1400:    2.10
RM:      -19.00  +/-    5.00
d,z:       1.91    -.09   aa
model d:       1.91  (model 1)
L:       1.38
age:     7.08
Edot:   33.13
B:      11.36
