
PSR:    J2354+6155      B2351+61                             Scode:    260
RAB:    23:51:34.83900  +/- 00:00:0 .01705
DECB:  +61:39:05.1900   +/- 00:00:0 .1200
RAJ:    23:54:04.70993  +/- 00:00:0 .01705
DECJ:  +61:55:46.7803   +/- 00:00:0 .1200
Epoch:  48382.
PMRA:    22.000  +/-     3.000
PMDEC:    6.000  +/-     2.000
l,b:    116.239   -.194
P:       .944782448983000010  +/-   .000000000009000000
Pdot:   1.626410D-14  +/-    4.000000D-19
Pepoch: 48382.
DM:       94.3400  +/-      .0600
w50:     10.40 ms     11.01 mP
s400:    17.00
s1400:    5.00
RM:      -77.00  +/-    6.00
d,z:       3.29    -.01   aa
model d:       3.29  (model 1)
L:       2.27
age:     5.96
Edot:   32.88
B:      12.60
