
PSR:    J0820-1350      B0818-13                             Scode:   4211
RAB:    08:18:06.03200  +/- 00:00:0 .00899
DECB:  -13:41:23.0400   +/- 00:00:0 .0600
RAJ:    08:20:26.35787  +/- 00:00:0 .00899
DECJ:  -13:50:55.2040   +/- 00:00:0 .0600
Epoch:  46573.
PMRA:     9.000  +/-    10.000
PMDEC:  -31.000  +/-     7.000
l,b:    235.890  12.595
P:      1.238128107230000100  +/-   .000000000020000000
Pdot:   2.105600D-15  +/-    2.000000D-19
Pepoch: 41006.
DM:       40.9900  +/-      .0300
w50:     22.10 ms     17.85 mP
s400:   102.00
s1400:    7.00
RM:       -1.20  +/-     .40
log tau_s:    -6.34
d,z:       2.46     .54   ab
model d:       2.46  (model 1)
L:       2.79
age:     6.97
Edot:   31.64
B:      12.21
