
PSR:    J1921+1419      B1919+14                             Scode:    104
RAB:    19:19:06.38300  +/- 00:00:0 .01801
DECB:  +14:13:32.2000   +/- 00:00:0 .4002
RAJ:    19:21:24.18261  +/- 00:00:0 .01801
DECJ:  +14:19:16.0011   +/- 00:00:0 .4002
l,b:     49.058    .021
P:       .618179730018999950  +/-   .000000000014000000
Pdot:   5.612000D-15  +/-    3.000000D-18
Pepoch: 42834.
DM:       91.9400  +/-      .0500
w50:     23.10 ms     37.37 mP
s400:     3.20
s1400:    1.00
d,z:       4.09     .00   aa
model d:       4.09  (model 1)
L:       1.73
age:     6.24
Edot:   32.97
B:      12.28
