
PSR:    J1045-4509      B                  Type: BMR         Scode:   4000
RAB:    10:43:38.00129  +/- 00:00:0 .00070
DECB:  -44:54:05.6938   +/- 00:00:0 .0070
RAJ:    10:45:50.19640  +/- 00:00:0 .00070
DECJ:  -45:09:54.2160   +/- 00:00:0 .0070
l,b:    280.851  12.254
P:       .007474224103860000  +/-   .000000000000020000
Pdot:   1.900000D-20  +/-    2.000000D-21
Pepoch: 48821.
DM:       58.1649  +/-      .0007
w50:      1.20 ms    160.55 mP
s400:    20.00
s1400:    3.00
d,z:       3.24     .69   bb
model d:       3.24  (model 1)
L:       2.32
age:     9.80
Edot:   33.25
B:       8.58
x:         3.0151070  +/-      .0000090
e:          .000019000  +/-      .000006000
T0:     48822.37942500  +/-       .00000400
Pb (s):    352816.9142400  +/-           .0086400
Pb (d):    4.083529100000  +/-      .000000100000
Om:      230.000000  +/-   20.0000000
