
PSR:    J1908+0916      B1906+09                             Scode:      4
RAB:    19:06:35.38000  +/- 00:00:0 .05995
DECB:  +09:11:21.5000   +/- 00:00:01.0004
RAJ:    19:08:58.75948  +/- 00:00:0 .05995
DECJ:  +09:16:13.5982   +/- 00:00:01.0004
l,b:     43.173    .361
P:       .830269884709999960  +/-   .000000000060000000
Pdot:   9.800000D-17  +/-    1.400000D-17
Pepoch: 42833.
DM:      250.0000  +/-    20.0000
w50:     37.00 ms     44.56 mP
s400:     5.00
d,z:       5.17     .03   aa
model d:       5.17  (model 1)
L:       2.13
age:     8.13
Edot:   30.83
B:      11.46
