
PSR:    J2046+1540      B2044+15                             Scode:  20250
RAB:    20:44:19.60000  +/- 00:00:0 .02998
DECB:  +15:29:30.2000   +/- 00:00:0 .8003
RAJ:    20:46:39.38272  +/- 00:00:0 .02998
DECJ:  +15:40:32.5649   +/- 00:00:0 .8003
Epoch:  44240.
PMRA:   -13.000  +/-     6.000
PMDEC:    3.000  +/-     4.000
l,b:     61.112 -16.838
P:      1.138285606700000000  +/-   .000000000100000000
Pdot:   1.850000D-16  +/-    4.000000D-18
Pepoch: 43890.
DM:       39.5000  +/-      .4000
w50:      9.60 ms      8.43 mP
s400:    11.50
s1400:    1.70
RM:     -101.00  +/-    6.00
log tau_s:    -6.28
d,z:       2.52    -.73   ba
model d:       2.52  (model 1)
L:       1.86
age:     7.99
Edot:   30.70
B:      11.67
