
PSR:    J2305+4707      B2303+46           Type: B           Scode:     40
RAB:    23:03:39.16400  +/- 00:00:0 .01705
DECB:  +46:51:32.1500   +/- 00:00:0 .1700
RAJ:    23:05:55.84199  +/- 00:00:0 .01705
DECJ:  +47:07:45.3227   +/- 00:00:0 .1700
l,b:    104.931 -12.021
P:      1.066371071565000100  +/-   .000000000016000000
Pdot:   5.690900D-16  +/-    1.600000D-19
Pepoch: 46107.
DM:       62.0600  +/-      .0300
s400:     1.90
d,z:       4.35    -.91   bc
model d:       4.35  (model 1)
L:       1.56
age:     7.47
Edot:   31.27
B:      11.90
x:        32.6878000  +/-      .0003000
e:          .658369000  +/-      .000009000
T0:     47452.56074700  +/-       .00001700
Pb (s):   1066136.6482560  +/-           .0146880
Pb (d):   12.339544540000  +/-      .000000170000
Om:       35.077600  +/-     .0007000
Omd:        .009900  +/-      .000200
