
PSR:    J1909+1102      B1907+10                             Scode:  22316
RAB:    19:07:27.32900  +/- 00:00:0 .00199
DECB:  +10:57:07.6700   +/- 00:00:0 .0299
RAJ:    19:09:48.69624  +/- 00:00:0 .00199
DECJ:  +11:02:03.2966   +/- 00:00:0 .0299
l,b:     44.832    .992
P:       .283640003887999980  +/-   .000000000004000000
Pdot:   2.636100D-15  +/-    2.000000D-19
Pepoch: 48382.
DM:      148.4000  +/-      .3000
w50:      5.90 ms     20.80 mP
s400:    50.00
s1400:    2.20
RM:      540.00  +/-   20.00
log tau_s:    -4.83
dl,du:     3.70    7.60
d,z:       4.29     .07   aa
model d:       4.29  (model 1)
L:       2.96
age:     6.23
Edot:   33.66
B:      11.94
