
PSR:    J0231+7026      B0226+70                             Scode:     40
RAB:    02:26:47.10000  +/- 00:00:0 .09997
DECB:  +70:13:15.9000   +/- 00:00:0 .8003
RAJ:    02:31:14.00963  +/- 00:00:0 .09997
DECJ:  +70:26:33.5636   +/- 00:00:0 .8003
l,b:    131.155   9.181
P:      1.466819343400000100  +/-   .000000000200000000
Pdot:   3.116000D-15  +/-    7.000000D-18
Pepoch: 46110.
DM:       47.0000  +/-     2.0000
w50:     34.00 ms     23.18 mP
s400:     2.40
s1400:     .30
d,z:       2.26     .36   aa
model d:       2.26  (model 1)
L:       1.09
age:     6.87
Edot:   31.59
B:      12.34
