
PSR:    J1648-3256      B                                    Scode:   4000
RAB:    16:44:47.23976  +/- 00:00:25.02680
DECB:  -32:50:43.7196   +/- 00:04:59.0840
RAJ:    16:48:02.00000  +/- 00:00:25.02680
DECJ:  -32:55:60.0000   +/- 00:04:59.0840
l,b:    349.586   7.767
P:       .719450000000000030  +/-   .000020000000000000
DM:      129.0000  +/-     2.0000
w50:     17.00 ms     23.63 mP
s400:    11.00
s1400:    1.00
d,z:       5.37     .73   cc
model d:       5.37  (model 1)
