
PSR:    J1927+1855      B1925+18                             Scode:   2004
RAB:    19:24:60.00000  +/- 00:00:19.93893
DECB:  +18:49:0 .0000   +/- 00:04:59.0840
RAJ:    19:27:12.52604  +/- 00:00:19.93893
DECJ:  +18:55:07.7065   +/- 00:04:59.0840
l,b:     53.766    .972
P:       .482765000000000000  +/-   .000002000000000000
DM:      250.0000  +/-    20.0000
w50:     35.00 ms     72.50 mP
s400:     3.00
d,z:      10.12     .17   bb
model d:      10.12  (model 1)
