
PSR:    J1750-3157      B1747-31                             Scode:   1000
RAB:    17:47:31.90000  +/- 00:00:0 .02998
DECB:  -31:56:54.0000   +/- 00:00:02.9908
RAJ:    17:50:47.29216  +/- 00:00:0 .02998
DECJ:  -31:57:41.3817   +/- 00:00:02.9908
l,b:    357.983  -2.515
P:       .910362952010000060  +/-   .000000000030000000
Pdot:   1.970000D-16  +/-    2.000000D-18
Pepoch: 48379.
DM:      207.5000  +/-      .4000
w50:      9.90 ms     10.87 mP
s1400:    1.40
log tau_s:  < -2.57
d,z:       4.45    -.20   aa
model d:       4.45  (model 1)
L:       2.12
age:     7.87
Edot:   31.01
B:      11.63
