
PSR:    J1901+0716      B1859+07           Type: G           Scode:    100
RAB:    18:59:13.37700  +/- 00:00:0 .01499
DECB:  +07:12:13.5000   +/- 00:00:0 .4002
RAJ:    19:01:38.95066  +/- 00:00:0 .01499
DECJ:  +07:16:34.6966   +/- 00:00:0 .4002
l,b:     40.569   1.056
P:       .643998410915999960  +/-   .000000000013000000
Pdot:   2.337500D-15  +/-    1.300000D-18
Pepoch: 48591.
DM:      252.8100  +/-      .1600
w50:     14.40 ms     22.36 mP
s400:     3.90
s1400:    2.10
RM:      282.00  +/-   13.00
dl,du:     2.30    5.50
d,z:       5.49     .10   aa
model d:       5.49  (model 1)
L:       2.07
age:     6.64
Edot:   32.54
B:      12.09
