
PSR:    J1854+1051      B1852+10                             Scode:  22400
RAB:    18:52:06.00000  +/- 00:00:08.00307
DECB:  +10:47:0 .0000   +/- 00:02:0 .0461
RAJ:    18:54:27.34554  +/- 00:00:08.00307
DECJ:  +10:50:50.8708   +/- 00:02:0 .0461
l,b:     42.945   4.261
P:       .572340999999999990  +/-   .000005000000000000
DM:      250.0000  +/-    10.0000
s400:    11.00
d,z:      12.19     .91   cd
model d:      12.19  (model 1)
