
PSR:    J1721-1936      B1718-19           Type: BCR         Scode:      0
RAB:    17:18:04.76000  +/- 00:00:0 .05995
DECB:  -19:33:18.0000   +/- 00:00:08.0031
RAJ:    17:21:01.91938  +/- 00:00:0 .05995
DECJ:  -19:36:13.9254   +/- 00:00:08.0031
l,b:      4.867   9.743
P:      1.004037129000000100  +/-   .000000001000000000
Pdot:   1.590000D-15  +/-    2.000000D-17
Pepoch: 48148.
DM:       71.0000  +/-      .2000
w50:     20.60 ms     20.52 mP
s400:      .50
s1400:     .30
dl,du:    10.50   12.70
d,z:      11.60    1.96   ca
model d:       2.61  (model 1)
L:       1.83
age:     7.00
Edot:   31.79
B:      12.11
x:          .3526000  +/-      .0008000
e:          .000000000  +/-      .005000000
T0:     48455.02370000  +/-       .00010000
Pb (s):     22314.8304000  +/-           .0172800
Pb (d):     .258273500000  +/-      .000000200000
Om:         .000000  +/-     .0000000
