
PSR:    J1046-5813      B1044-57                             Scode:   5010
RAB:    10:44:19.46000  +/- 00:00:0 .06999
DECB:  -57:58:02.4000   +/- 00:00:0 .4992
RAJ:    10:46:18.86637  +/- 00:00:0 .06999
DECJ:  -58:13:51.8038   +/- 00:00:0 .4992
l,b:    287.065    .733
P:       .369426696200000020  +/-   .000000000060000000
Pdot:   1.144000D-15  +/-    3.000000D-18
Pepoch: 43556.
DM:      240.2000  +/-      .5000
w50:     17.00 ms     46.02 mP
s400:    18.00
s1400:    1.00
d,z:       4.80     .06   aa
model d:       4.80  (model 1)
L:       2.62
age:     6.71
Edot:   32.95
B:      11.82
