
PSR:    J1900-2600      B1857-26                             Scode:   4011
RAB:    18:57:42.26200  +/- 00:00:0 .01000
DECB:  -26:04:59.3000   +/- 00:00:0 .2991
RAJ:    19:00:47.59585  +/- 00:00:0 .01000
DECJ:  -26:00:43.1117   +/- 00:00:0 .2991
Epoch:  46573.
PMRA:   -22.000  +/-    10.000
PMDEC:  -44.000  +/-     7.000
l,b:     10.342 -13.451
P:       .612209195437000030  +/-   .000000000003000000
Pdot:   2.041900D-16  +/-    1.600000D-19
Pepoch: 48381.
DM:       38.0600  +/-      .0300
w50:     34.10 ms     55.70 mP
s400:   131.00
s1400:   13.00
RM:       -7.30  +/-     .80
d,z:       1.71    -.40   aa
model d:       1.71  (model 1)
L:       2.58
age:     7.68
Edot:   31.55
B:      11.55
