
PSR:    J1514-4834      B1510-48                             Scode:   4010
RAB:    15:10:44.61000  +/- 00:00:0 .05995
DECB:  -48:23:10.5000   +/- 00:00:01.0994
RAJ:    15:14:14.56041  +/- 00:00:0 .05995
DECJ:  -48:34:19.4602   +/- 00:00:01.0994
l,b:    325.872   7.835
P:       .454839209490000010  +/-   .000000000090000000
Pdot:   9.250000D-16  +/-    4.000000D-18
Pepoch: 43565.
DM:       51.5000  +/-      .8000
w50:     12.00 ms     26.38 mP
s400:     8.50
d,z:       1.59     .22   aa
model d:       1.59  (model 1)
L:       1.33
age:     6.89
Edot:   32.59
B:      11.82
