
PSR:    J0629+2415      B0626+24                             Scode:    220
RAB:    06:26:02.03600  +/- 00:00:0 .00400
DECB:  +24:17:41.8800   +/- 00:00:0 .0600
RAJ:    06:29:05.71870  +/- 00:00:0 .00400
DECJ:  +24:15:41.6471   +/- 00:00:0 .0600
Epoch:  47555.
PMRA:    -7.000  +/-    12.000
PMDEC:    2.000  +/-    12.000
l,b:    188.817   6.223
P:       .476622653938000020  +/-   .000000000003000000
Pdot:   1.997050D-15  +/-    1.900000D-19
Pepoch: 48382.
DM:       84.2000  +/-      .0300
w50:      8.80 ms     18.46 mP
s400:    31.00
s1400:    3.20
RM:       82.00  +/-    4.00
log tau_s:    -5.52
d,z:       4.67     .51   bb
model d:       4.67  (model 1)
L:       2.83
age:     6.58
Edot:   32.86
B:      11.99
