
PSR:    J1901+0156      B1859+01                             Scode:    200
RAB:    18:59:02.66500  +/- 00:00:0 .00800
DECB:  +01:52:18.6000   +/- 00:00:0 .4002
RAJ:    19:01:34.28211  +/- 00:00:0 .00800
DECJ:  +01:56:39.2638   +/- 00:00:0 .4002
l,b:     35.818  -1.366
P:       .288218511160000020  +/-   .000000000010000000
Pdot:   2.356800D-15  +/-    5.000000D-19
Pepoch: 46116.
DM:      102.1000  +/-      .5000
w50:      6.40 ms     22.21 mP
s400:    13.70
d,z:       2.93    -.07   aa
model d:       2.93  (model 1)
L:       2.07
age:     6.29
Edot:   33.59
B:      11.92
