
PSR:    J1844-0538      B1841-05                             Scode:    100
RAB:    18:41:24.82000  +/- 00:00:0 .01000
DECB:  -05:41:39.3000   +/- 00:00:0 .4992
RAJ:    18:44:05.10250  +/- 00:00:0 .01000
DECJ:  -05:38:33.4629   +/- 00:00:0 .4992
l,b:     27.073   -.941
P:       .255697129397000010  +/-   .000000000005000000
Pdot:   9.699500D-15  +/-    4.000000D-19
Pepoch: 47000.
DM:      411.0000  +/-     2.0000
w50:      7.90 ms     30.90 mP
s1400:    2.30
RM:       16.00  +/-   16.00
log tau_s:    -2.08
d,z:       6.16    -.10   aa
model d:       6.16  (model 1)
L:       1.99
age:     5.62
Edot:   34.36
B:      12.20
