
PSR:    J2002+30        B                                    Scode:  20000
RAB:    20:00:58.16276  +/- 00:00:15.95115
DECB:  +30:26:31.5006   +/- 00:04:59.0840
RAJ:    20:02:58.00000  +/- 00:00:15.95115
DECJ:  +30:35:0 .0000   +/- 00:04:59.0840
l,b:     67.917   -.187
P:       .421792000000000000  +/-   .000001000000000000
DM:      195.0000  +/-    38.0000
d,z:       7.42    -.02   aa
model d:       7.42  (model 1)
