
PSR:    J0729-1836      B0727-18                             Scode:   4010
RAB:    07:27:19.38600  +/- 00:00:0 .00899
DECB:  -18:30:25.1400   +/- 00:00:0 .1700
RAJ:    07:29:32.37142  +/- 00:00:0 .00899
DECJ:  -18:36:42.2794   +/- 00:00:0 .1700
l,b:    233.760   -.341
P:       .510158152940000000  +/-   .000000000040000000
Pdot:   1.897600D-14  +/-    2.000000D-18
Pepoch: 48382.
DM:       61.3000  +/-      .0400
w50:     20.20 ms     39.60 mP
s400:    11.20
s1400:    1.30
RM:       53.00  +/-    6.00
d,z:       3.25    -.02   aa
model d:       3.25  (model 1)
L:       2.07
age:     5.63
Edot:   33.75
B:      12.50
