
PSR:    J1713+0747      B                  Type: BMR         Scode: 300000
RAB:    17:11:24.74182  +/- 00:00:0 .00001
DECB:  +07:51:03.2526   +/- 00:00:0 .0003
RAJ:    17:13:49.52697  +/- 00:00:0 .00001
DECJ:  +07:47:37.5550   +/- 00:00:0 .0003
Epoch:  49056.
PMRA:     4.900  +/-      .300
PMDEC:   -4.100  +/-     1.000
l,b:     28.751  25.223
P:       .004570136522917930  +/-   .000000000000000800
Pdot:   8.520000D-21  +/-    2.000000D-23
Pepoch: 49056.
DM:       15.9930  +/-      .0030
w50:       .21 ms     45.95 mP
s400:    36.00
s1400:    3.00
dl,du:      .80    1.60
d,z:       1.10     .47   ba
model d:        .89  (model 1)
L:       1.64
age:     9.93
Edot:   33.55
B:       8.30
x:        32.3424130  +/-      .0000010
e:          .000074920  +/-      .000000120
T0:     49013.28400000  +/-       .01400000
Pb (s):   5860091.2216320  +/-           .0017280
Pb (d):   67.825129880000  +/-      .000000020000
Om:      176.254000  +/-     .0700000
