
PSR:    J1902+0615      B1900+06                             Scode:    100
RAB:    19:00:20.00000  +/- 00:00:19.93893
DECB:  +06:11:25.0000   +/- 00:00:29.9084
RAJ:    19:02:46.73680  +/- 00:00:19.93893
DECJ:  +06:15:50.9365   +/- 00:00:29.9084
l,b:     39.797    .343
P:       .673501000000000020  +/-   .000010000000000000
DM:      530.0000  +/-    25.0000
w50:     76.60 ms    113.73 mP
s400:    22.00
s1400:    2.00
dl,du:     5.10   16.60
d,z:      10.12     .06   aa
model d:      10.12  (model 1)
