
PSR:    J0108-1431      B                                    Scode:   4000
RAB:    01:05:39.46264  +/- 00:00:0 .09997
DECB:  -14:47:45.6875   +/- 00:00:01.0004
RAJ:    01:08:08.20000  +/- 00:00:0 .09997
DECJ:  -14:31:46.0000   +/- 00:00:01.0004
l,b:    140.926 -76.814
P:       .807564601249999960  +/-   .000000000050000000
Pdot:   8.200000D-17  +/-    1.000000D-18
Pepoch: 48967.
DM:        1.8300  +/-      .0200
d,z:        .10    -.10   aa
model d:        .10  (model 1)
L:        .00
age:     8.19
Edot:   30.79
B:      11.42
