
PSR:    J2321+6024      B2319+60                             Scode:    222
RAB:    23:19:41.33000  +/- 00:00:0 .04002
DECB:  +60:08:03.2000   +/- 00:00:0 .2991
RAJ:    23:21:55.18678  +/- 00:00:0 .04002
DECJ:  +60:24:30.6615   +/- 00:00:0 .2991
l,b:    112.095   -.566
P:      2.256487867370000200  +/-   .000000000040000000
Pdot:   7.037000D-15  +/-    2.000000D-18
Pepoch: 48383.
DM:       94.7800  +/-      .1100
w50:    131.10 ms     58.10 mP
s400:    36.00
s1400:   12.00
RM:     -230.00  +/-   10.00
log tau_s:    -5.09
dl,du:     2.00   99.00
d,z:       3.22    -.03   ab
model d:       3.22  (model 1)
L:       2.57
age:     6.71
Edot:   31.38
B:      12.61
