
PSR:    J1717-3425      B1714-34                             Scode:   1000
RAB:    17:14:01.51000  +/- 00:00:0 .04002
DECB:  -34:21:52.0000   +/- 00:00:02.0008
RAJ:    17:17:20.15235  +/- 00:00:0 .04002
DECJ:  -34:25:04.5797   +/- 00:00:02.0008
l,b:    352.119   2.024
P:       .656297656989999980  +/-   .000000000020000000
Pdot:   9.793000D-15  +/-    2.000000D-18
Pepoch: 48395.
DM:      586.3000  +/-      .4000
w50:     12.80 ms     19.50 mP
s1400:    2.40
log tau_s:    -1.84
d,z:      22.12     .78   c 
model d:      22.12  (model 1)
L:       3.21
age:     6.03
Edot:   33.14
B:      12.41
