
PSR:    J1910+1231      B1907+12                             Scode:   2004
RAB:    19:07:53.95000  +/- 00:00:0 .01994
DECB:  +12:26:43.0000   +/- 00:00:0 .8993
RAJ:    19:10:13.58637  +/- 00:00:0 .01994
DECJ:  +12:31:40.4406   +/- 00:00:0 .8993
l,b:     46.205   1.591
P:      1.441737400070000100  +/-   .000000000080000000
Pdot:   8.245000D-15  +/-    9.000000D-18
Pepoch: 42846.
DM:      274.4000  +/-     2.0000
w50:     34.00 ms     23.58 mP
s400:     5.00
d,z:       6.75     .19   aa
model d:       6.75  (model 1)
L:       2.36
age:     6.44
Edot:   32.04
B:      12.54
