
PSR:    J1737-3555      B1734-35                             Scode:   1000
RAB:    17:34:18.15300  +/- 00:00:0 .00600
DECB:  -35:53:59.0000   +/- 00:00:0 .4002
RAJ:    17:37:40.03923  +/- 00:00:0 .00600
DECJ:  -35:55:43.8139   +/- 00:00:0 .4002
l,b:    353.175  -2.268
P:       .397584746441000000  +/-   .000000000003000000
Pdot:   6.121400D-15  +/-    2.000000D-19
Pepoch: 48379.
DM:       89.4100  +/-      .0400
w50:      5.40 ms     13.58 mP
s1400:     .50
log tau_s:  < -2.90
d,z:       2.25    -.09   ba
model d:       2.25  (model 1)
L:       1.29
age:     6.01
Edot:   33.59
B:      12.20
