
PSR:    J0826+2637      B0823+26           Type: I           Scode:     20
RAB:    08:23:50.47000  +/- 00:00:0 .00199
DECB:  +26:47:19.4000   +/- 00:00:0 .0699
RAJ:    08:26:51.30960  +/- 00:00:0 .00199
DECJ:  +26:37:25.5743   +/- 00:00:0 .0699
Epoch:  40264.
PMRA:    61.000  +/-     3.000
PMDEC:  -90.000  +/-     2.000
l,b:    196.962  31.742
P:       .530660797579999950  +/-   .000000000008000000
Pdot:   1.709400D-15  +/-    4.000000D-19
Pepoch: 48383.
DM:       19.4751  +/-      .0003
w50:      5.80 ms     10.93 mP
s400:    73.00
s1400:   10.00
RM:        5.90  +/-     .30
log tau_s:    -7.59
dl,du:      .30     .45
d,z:        .38     .20   ac
model d:       1.25  (model 1)
L:       1.02
age:     6.69
Edot:   32.66
B:      11.98
