
PSR:    J1358-2533      B                                    Scode:   4000
RAB:    13:55:52.67918  +/- 00:00:14.98858
DECB:  -25:18:26.2625   +/- 00:03:0 .0692
RAJ:    13:58:42.00000  +/- 00:00:14.98858
DECJ:  -25:33:0 .0000   +/- 00:03:0 .0692
l,b:    321.485  34.887
P:       .912900000000000040  +/-   .000020000000000000
DM:       28.0000  +/-     3.0000
w50:     30.00 ms     32.86 mP
s400:     6.00
d,z:       2.70    1.54   c 
model d:       2.70  (model 1)
