
PSR:    J0056+4756      B0053+47                             Scode:     40
RAB:    00:53:33.38000  +/- 00:00:0 .05005
DECB:  +47:40:01.7000   +/- 00:00:0 .6002
RAJ:    00:56:24.65463  +/- 00:00:0 .05005
DECJ:  +47:56:15.1055   +/- 00:00:0 .6002
l,b:    123.794 -14.926
P:       .472035620649999990  +/-   .000000000070000000
Pdot:   3.567000D-15  +/-    3.000000D-18
Pepoch: 46260.
DM:       18.0000  +/-     2.0000
w50:     11.80 ms     25.00 mP
s400:     3.00
d,z:       1.00    -.26   aa
model d:       1.00  (model 1)
L:        .48
age:     6.32
Edot:   33.13
B:      12.12
