
PSR:    J0837-4135      B0835-41                             Scode:   4011
RAB:    08:35:33.26600  +/- 00:00:0 .00600
DECB:  -41:24:42.1100   +/- 00:00:0 .0699
RAJ:    08:37:21.17332  +/- 00:00:0 .00600
DECJ:  -41:35:14.2910   +/- 00:00:0 .0699
l,b:    260.904   -.336
P:       .751622117780999970  +/-   .000000000009000000
Pdot:   3.546900D-15  +/-    5.000000D-19
Pepoch: 46800.
DM:      147.6000  +/-      .1000
w50:      8.40 ms     11.18 mP
s400:   197.00
s1400:   25.00
RM:      135.80  +/-     .30
log tau_s:    -5.12
dl,du:     1.60    7.00
d,z:       4.24    -.02   bb
model d:       4.24  (model 1)
L:       3.55
age:     6.53
Edot:   32.52
B:      12.22
