
PSR:    J1813+4013      B1811+40                             Scode:     20
RAB:    18:11:35.98000  +/- 00:00:0 .04002
DECB:  +40:12:45.6000   +/- 00:00:0 .4002
RAJ:    18:13:13.32958  +/- 00:00:0 .04002
DECJ:  +40:13:39.8412   +/- 00:00:0 .4002
l,b:     67.409  24.033
P:       .931087849000000080  +/-   .000000001000000000
Pdot:   2.553000D-15  +/-    4.000000D-18
Pepoch: 43984.
DM:       41.8000  +/-     1.6000
w50:     12.20 ms     13.10 mP
s400:     8.00
s1400:    1.10
RM:       47.00  +/-    6.00
d,z:    >  4.32    1.76   c 
model d:    >  4.32  (model 1)
L:       2.17
age:     6.76
Edot:   32.10
B:      12.19
