
PSR:    J1901+00        B                                    Scode:  20000
RAB:    18:58:58.68190  +/- 00:00:15.95115
DECB:  +00:21:39.5503   +/- 00:04:59.0840
RAJ:    19:01:32.00000  +/- 00:00:15.95115
DECJ:  +00:25:60.0000   +/- 00:04:59.0840
l,b:     34.469  -2.048
P:       .777669999999999970  +/-   .000001000000000000
DM:      346.0000  +/-    69.0000
d,z:       8.16    -.29   ab
model d:       8.16  (model 1)
