
PSR:    J0406+6138      B0402+61                             Scode:    260
RAB:    04:02:08.24100  +/- 00:00:0 .01403
DECB:  +61:30:36.1600   +/- 00:00:0 .1601
RAJ:    04:06:30.05237  +/- 00:00:0 .01403
DECJ:  +61:38:40.7637   +/- 00:00:0 .1601
l,b:    144.025   7.046
P:       .594573579580000010  +/-   .000000000005000000
Pdot:   5.586300D-15  +/-    4.000000D-19
Pepoch: 48416.
DM:       65.2200  +/-      .0300
w50:     18.40 ms     30.95 mP
s400:    15.00
s1400:    2.80
RM:        9.00  +/-    3.00
d,z:       3.04     .37   ba
model d:       3.04  (model 1)
L:       2.14
age:     6.23
Edot:   33.02
B:      12.27
