
PSR:    J0922+0638      B0919+06                             Scode:     10
RAB:    09:19:35.15500  +/- 00:00:0 .00300
DECB:  +06:51:11.8900   +/- 00:00:0 .0400
RAJ:    09:22:13.97707  +/- 00:00:0 .00300
DECJ:  +06:38:21.6854   +/- 00:00:0 .0400
Epoch:  46573.
PMRA:    13.000  +/-    29.000
PMDEC:   64.000  +/-    37.000
l,b:    225.420  36.392
P:       .430619672580000000  +/-   .000000000007000000
Pdot:   1.372020D-14  +/-    5.000000D-19
Pepoch: 48412.
DM:       27.3091  +/-      .0005
w50:     10.50 ms     24.38 mP
s400:    52.00
s1400:    4.20
RM:       32.00  +/-    2.00
log tau_s:    -6.92
d,z:    >  2.97    1.76   c 
model d:    >  2.97  (model 1)
L:       2.66
age:     5.70
Edot:   33.83
B:      12.39
