
PSR:    J1910-0309      B1907-03                             Scode:   4210
RAB:    19:07:52.30000  +/- 00:00:0 .05005
DECB:  -03:14:50.7000   +/- 00:00:01.6996
RAJ:    19:10:29.63824  +/- 00:00:0 .05005
DECJ:  -03:09:52.7627   +/- 00:00:01.6996
l,b:     32.280  -5.680
P:       .504603473810000040  +/-   .000000000090000000
Pdot:   2.189000D-15  +/-    3.000000D-18
Pepoch: 43987.
DM:      205.5000  +/-      .3000
w50:     14.70 ms     29.13 mP
s400:    27.00
s1400:     .80
RM:      152.00  +/-    7.00
d,z:      10.25   -1.01   c 
model d:      10.25  (model 1)
L:       3.45
age:     6.56
Edot:   32.83
B:      12.03
