
PSR:    J2127-6648      B2123-67                             Scode:   4010
RAB:    21:23:19.62000  +/- 00:00:0 .15951
DECB:  -67:01:30.8000   +/- 00:00:0 .8993
RAJ:    21:27:31.27708  +/- 00:00:0 .15951
DECJ:  -66:48:28.0832   +/- 00:00:0 .8993
l,b:    326.392 -39.777
P:       .325771287420000000  +/-   .000000000110000000
Pdot:   2.260000D-16  +/-    5.000000D-18
Pepoch: 43557.
DM:       35.0000  +/-     3.0000
w50:     16.00 ms     49.11 mP
s400:     7.00
log tau_s:  < -3.80
d,z:    >  2.75   -1.76   a 
model d:    >  2.75  (model 1)
L:       1.72
age:     7.36
Edot:   32.41
B:      11.44
