
PSR:    J1704-6016      B1659-60                             Scode:     10
RAB:    16:59:47.90000  +/- 00:00:0 .50054
DECB:  -60:12:43.0000   +/- 00:00:06.0023
RAJ:    17:04:14.82228  +/- 00:00:0 .50054
DECJ:  -60:16:53.8227   +/- 00:00:06.0023
l,b:    329.762 -11.367
P:       .306323025400000000  +/-   .000000000500000000
Pdot:   9.100000D-16  +/-    2.000000D-17
Pepoch: 43557.
DM:       54.0000  +/-     5.0000
w50:     90.00 ms    293.81 mP
s400:    23.00
RM:       50.00  +/-   10.00
d,z:       1.89    -.37   ab
model d:       1.89  (model 1)
L:       1.92
age:     6.73
Edot:   33.10
B:      11.73
