
PSR:    J1440-6344      B1436-63                             Scode:   4010
RAB:    14:36:31.54900  +/- 00:00:0 .01801
DECB:  -63:31:55.8000   +/- 00:00:0 .2001
RAJ:    14:40:31.30708  +/- 00:00:0 .01801
DECJ:  -63:44:47.6206   +/- 00:00:0 .2001
l,b:    314.646  -3.384
P:       .459605363850000000  +/-   .000000000030000000
Pdot:   1.120100D-15  +/-    1.100000D-18
Pepoch: 43556.
DM:      124.2000  +/-      .5000
w50:     13.00 ms     28.29 mP
s400:    21.00
s1400:    1.60
d,z:       4.03    -.24   ba
model d:       4.03  (model 1)
L:       2.53
age:     6.81
Edot:   32.66
B:      11.86
