
PSR:    J0944-1354      B0942-13                             Scode:   4250
RAB:    09:42:04.39000  +/- 00:00:0 .01000
DECB:  -13:40:52.4000   +/- 00:00:0 .4002
RAJ:    09:44:28.93873  +/- 00:00:0 .01000
DECJ:  -13:54:41.4335   +/- 00:00:0 .4002
Epoch:  44240.
PMRA:    -1.000  +/-    32.000
PMDEC:  -22.000  +/-    14.000
l,b:    249.129  28.843
P:       .570264103229999990  +/-   .000000000030000000
Pdot:   4.620000D-17  +/-    8.000000D-19
Pepoch: 43890.
DM:       12.6000  +/-      .1000
w50:      6.90 ms     12.10 mP
s400:    26.00
s1400:     .60
RM:       -7.00  +/-    3.00
d,z:        .70     .34   ba
model d:        .70  (model 1)
L:       1.11
age:     8.29
Edot:   30.99
B:      11.22
