
PSR:    J0659+1414      B0656+14           Type: H           Scode:     10
RAB:    06:56:57.90700  +/- 00:00:0 .00100
DECB:  +14:18:34.0600   +/- 00:00:0 .0100
RAJ:    06:59:48.12209  +/- 00:00:0 .00100
DECJ:  +14:14:21.5344   +/- 00:00:0 .0100
Epoch:  47552.
PMRA:    64.000  +/-    11.000
PMDEC:  -28.000  +/-     4.000
l,b:    201.108   8.258
P:       .384885025950000010  +/-   .000000000007000000
Pdot:   5.501340D-14  +/-    4.000000D-19
Pepoch: 48423.
DM:       14.0200  +/-      .0500
w50:     18.40 ms     47.81 mP
s400:     6.50
s1400:    3.70
RM:       22.00  +/-    5.00
log tau_s:    -7.54
d,z:        .76     .11   aa
model d:        .76  (model 1)
L:        .58
age:     5.05
Edot:   34.58
B:      12.67
