
PSR:    J1456-6843      B1451-68                             Scode:   4011
RAB:    14:51:29.06000  +/- 00:00:0 .00800
DECB:  -68:31:30.9200   +/- 00:00:0 .0400
RAJ:    14:56:0 .19455  +/- 00:00:0 .00800
DECJ:  -68:43:38.6240   +/- 00:00:0 .0400
Epoch:  43560.
PMRA:   -39.500  +/-      .400
PMDEC:  -12.300  +/-      .300
l,b:    313.869  -8.543
P:       .263376778654000000  +/-   .000000000002000000
Pdot:   9.878000D-17  +/-    2.000000D-20
Pepoch: 42554.
DM:        8.6000  +/-      .0400
w50:     12.50 ms     47.46 mP
s400:   350.00
s1400:   80.00
RM:       -2.00  +/-     .30
log tau_s:    -8.01
dl,du:      .39     .51
d,z:        .45    -.07   aa
model d:        .46  (model 1)
L:       1.85
age:     7.63
Edot:   32.33
B:      11.21
