
PSR:    J1752-2806      B1749-28                             Scode:   5113
RAB:    17:49:49.27100  +/- 00:00:0 .00600
DECB:  -28:06:0 .7000   +/- 00:00:0 .4992
RAJ:    17:52:58.69185  +/- 00:00:0 .00600
DECJ:  -28:06:38.2987   +/- 00:00:0 .4992
Epoch:  40352.
PMRA:    -5.000  +/-    17.000
PMDEC:    8.000  +/-    15.000
l,b:      1.540   -.961
P:       .562557857834000030  +/-   .000000000012000000
Pdot:   8.139400D-15  +/-    8.000000D-19
Pepoch: 46800.
DM:       50.8800  +/-      .1400
w50:      7.10 ms     12.62 mP
s400:  1100.00
s1400:   36.00
RM:       96.00  +/-     .20
log tau_s:    -6.26
dl,du:      .10   99.00
d,z:       1.53    -.03   aa
model d:       1.53  (model 1)
L:       3.41
age:     6.04
Edot:   33.26
B:      12.34
