
PSR:    J1645-0317      B1642-03                             Scode:   4251
RAB:    16:42:24.69100  +/- 00:00:0 .00300
DECB:  -03:12:30.9300   +/- 00:00:0 .1000
RAJ:    16:45:02.04479  +/- 00:00:0 .00300
DECJ:  -03:17:58.3529   +/- 00:00:0 .1000
Epoch:  40414.
PMRA:    41.000  +/-    17.000
PMDEC:  -25.000  +/-    11.000
l,b:     14.114  26.062
P:       .387688791350000010  +/-   .000000000010000000
Pdot:   1.781000D-15  +/-    1.000000D-19
Pepoch: 40622.
DM:       35.6650  +/-      .0050
w50:      4.20 ms     10.83 mP
s400:   393.00
s1400:   21.00
RM:       15.80  +/-     .30
log tau_s:    -7.17
d,z:       2.90    1.27   b 
model d:       2.90  (model 1)
L:       3.52
age:     6.54
Edot:   33.08
B:      11.93
