
PSR:    J1920+2650      B1918+26                             Scode:     40
RAB:    19:18:36.34100  +/- 00:00:0 .00400
DECB:  +26:44:57.8700   +/- 00:00:0 .0499
RAJ:    19:20:38.38088  +/- 00:00:0 .00400
DECJ:  +26:50:39.0599   +/- 00:00:0 .0499
l,b:     60.068   6.027
P:       .785521838082000050  +/-   .000000000008000000
Pdot:   3.510000D-17  +/-    2.000000D-19
Pepoch: 46071.
DM:       27.3000  +/-      .2000
w50:     13.90 ms     17.70 mP
s400:     6.00
d,z:       1.44     .15   aa
model d:       1.44  (model 1)
L:       1.10
age:     8.55
Edot:   30.46
B:      11.23
