
PSR:    J1913-0440      B1911-04                             Scode:   4053
RAB:    19:11:15.17000  +/- 00:00:0 .01000
DECB:  -04:45:59.7000   +/- 00:00:0 .4002
RAJ:    19:13:54.17991  +/- 00:00:0 .01000
DECJ:  -04:40:47.6134   +/- 00:00:0 .4002
Epoch:  41902.
PMRA:     7.000  +/-    13.000
PMDEC:   -5.000  +/-     9.000
l,b:     31.307  -7.124
P:       .825933689680000030  +/-   .000000000010000000
Pdot:   4.069600D-15  +/-    2.000000D-19
Pepoch: 40624.
DM:       89.4300  +/-      .0200
w50:      7.50 ms      9.08 mP
s400:   118.00
s1400:    4.40
RM:       12.00  +/-    3.00
log tau_s:    -4.84
d,z:       3.22    -.40   ab
model d:       3.22  (model 1)
L:       3.09
age:     6.51
Edot:   32.46
B:      12.27
