
PSR:    J0823+0159      B0820+02           Type: B           Scode:    210
RAB:    08:20:34.03000  +/- 00:00:0 .01000
DECB:  +02:08:54.3000   +/- 00:00:0 .4992
RAJ:    08:23:09.75990  +/- 00:00:0 .01000
DECJ:  +01:59:12.8431   +/- 00:00:0 .4992
Epoch:  44546.
PMRA:     5.000  +/-    11.000
PMDEC:   -1.000  +/-     8.000
l,b:    221.988  21.245
P:       .864872751880000010  +/-   .000000000040000000
Pdot:   1.039000D-16  +/-    3.000000D-19
Pepoch: 43419.
DM:       23.6000  +/-      .2000
w50:     21.20 ms     24.51 mP
s400:    30.00
s1400:    1.50
RM:       13.00  +/-    7.00
log tau_s:    -7.54
d,z:       1.43     .52   ba
model d:       1.43  (model 1)
L:       1.79
age:     8.12
Edot:   30.80
B:      11.48
x:       162.1466000  +/-      .0007000
e:          .011868000  +/-      .000007000
T0:     44286.50000000  +/-       .20000000
Pb (s): 106485408.0000000  +/-      10368.0000000
Pb (d): 1232.470000000000  +/-      .120000000000
Om:      332.020000  +/-     .0600000
Omd:        .000000  +/-      .016000
