
PSR:    J1834-0426      B1831-04                             Scode:    252
RAB:    18:31:46.46000  +/- 00:00:0 .05995
DECB:  -04:28:59.0000   +/- 00:00:02.0008
RAJ:    18:34:25.38553  +/- 00:00:0 .05995
DECJ:  -04:26:34.7748   +/- 00:00:02.0008
l,b:     27.037   1.747
P:       .290106202789999990  +/-   .000000000070000000
Pdot:   1.970000D-16  +/-    2.000000D-18
Pepoch: 44054.
DM:       78.8000  +/-      .8000
w50:     19.70 ms     67.91 mP
s400:    77.00
s1400:   15.00
RM:      100.00  +/-    5.00
d,z:       2.29     .07   aa
model d:       2.29  (model 1)
L:       2.61
age:     7.37
Edot:   32.50
B:      11.38
