
PSR:    J1703-3241      B1700-32                             Scode:   4012
RAB:    17:00:07.32400  +/- 00:00:0 .01403
DECB:  -32:37:35.4000   +/- 00:00:01.2005
RAJ:    17:03:22.54025  +/- 00:00:0 .01403
DECJ:  -32:41:47.3667   +/- 00:00:01.2005
l,b:    351.787   5.387
P:      1.211785002035000100  +/-   .000000000019000000
Pdot:   6.597000D-16  +/-    1.000000D-18
Pepoch: 48381.
DM:      110.3000  +/-      .0800
w50:     46.20 ms     38.13 mP
s400:    32.00
s1400:    6.00
RM:      -21.70  +/-     .50
d,z:       3.31     .31   aa
model d:       3.31  (model 1)
L:       2.55
age:     7.46
Edot:   31.17
B:      11.96
