
PSR:    J1722-3712      B1719-37           Type: I           Scode:   5010
RAB:    17:19:35.46000  +/- 00:00:0 .04002
DECB:  -37:09:15.2000   +/- 00:00:0 .6002
RAJ:    17:22:59.17307  +/- 00:00:0 .04002
DECJ:  -37:12:03.6607   +/- 00:00:0 .6002
l,b:    350.490   -.507
P:       .236173191636000010  +/-   .000000000004000000
Pdot:   1.085450D-14  +/-    3.000000D-19
Pepoch: 48381.
DM:       99.5000  +/-      .0400
w50:      4.50 ms     19.05 mP
s400:    25.00
s1400:    2.00
d,z:       2.51    -.02   ba
model d:       2.51  (model 1)
L:       2.20
age:     5.54
Edot:   34.51
B:      12.21
