
PSR:    J1908+0500      B                                    Scode:   2000
RAB:    19:05:36.96438  +/- 00:00:0 .01000
DECB:  +04:56:06.2818   +/- 00:00:0 .1601
RAJ:    19:08:05.16200  +/- 00:00:0 .01000
DECJ:  +05:00:54.4500   +/- 00:00:0 .1601
l,b:     39.294  -1.403
P:       .291020786759999980  +/-   .000000000030000000
Pdot:   2.585600D-15  +/-    1.800000D-18
Pepoch: 49080.
DM:      201.4200  +/-      .0200
w50:      8.00 ms     27.49 mP
s400:     6.10
d,z:       4.44    -.11   aa
model d:       4.44  (model 1)
L:       2.08
age:     6.25
Edot:   33.62
B:      11.94
