
PSR:    J1743-3150      B1740-31                             Scode:   5000
RAB:    17:40:21.60000  +/- 00:00:0 .01994
DECB:  -31:49:01.0000   +/- 00:00:02.0008
RAJ:    17:43:36.70526  +/- 00:00:0 .01994
DECJ:  -31:50:19.6862   +/- 00:00:02.0008
l,b:    357.299  -1.148
P:      2.414556087099999800  +/-   .000000000050000000
Pdot:   1.207890D-13  +/-    4.000000D-18
Pepoch: 48379.
DM:      191.7000  +/-      .3000
w50:     48.00 ms     19.88 mP
s400:     6.60
s1400:    2.40
log tau_s:  < -1.85
d,z:       3.64    -.07   aa
model d:       3.64  (model 1)
L:       1.94
age:     5.50
Edot:   32.53
B:      13.24
