
PSR:    J0343+5312      B0339+53                             Scode:     60
RAB:    03:39:25.90000  +/- 00:00:0 .09997
DECB:  +53:03:22.0000   +/- 00:00:02.0008
RAJ:    03:43:12.94081  +/- 00:00:0 .09997
DECJ:  +53:12:52.0370   +/- 00:00:02.0008
l,b:    147.017  -1.429
P:      1.934474676300000000  +/-   .000000000700000000
Pdot:   1.342000D-14  +/-    2.000000D-17
Pepoch: 46385.
DM:       69.0000  +/-     2.0000
w50:     44.90 ms     23.21 mP
s400:     3.70
s1400:     .30
d,z:       2.58    -.06   bb
model d:       2.58  (model 1)
L:       1.39
age:     6.36
Edot:   31.86
B:      12.71
