
PSR:    J1326-5859      B1323-58                             Scode:   5010
RAB:    13:23:44.30000  +/- 00:00:0 .29977
DECB:  -58:43:56.4000   +/- 00:00:0 .2001
RAJ:    13:26:58.30482  +/- 00:00:0 .29977
DECJ:  -58:59:29.8386   +/- 00:00:0 .2001
l,b:    307.504   3.564
P:       .477989690099999980  +/-   .000000000400000000
Pdot:   3.211000D-15  +/-    1.400000D-17
Pepoch: 43556.
DM:      286.0000  +/-     2.0000
w50:      9.00 ms     18.83 mP
s400:   120.00
s1400:   10.00
RM:     -580.00  +/-   10.00
log tau_s:    -2.54
d,z:       9.29     .58   cc
model d:       9.29  (model 1)
L:       4.02
age:     6.37
Edot:   33.07
B:      12.10
