
PSR:    J0450-1248      B0447-12                             Scode:   4010
RAB:    04:47:49.52000  +/- 00:00:0 .02998
DECB:  -12:53:12.5000   +/- 00:00:0 .2991
RAJ:    04:50:08.77916  +/- 00:00:0 .02998
DECJ:  -12:48:06.9336   +/- 00:00:0 .2991
Epoch:  46573.
PMRA:      .000  +/-    20.000
PMDEC:   -3.000  +/-    18.000
l,b:    211.075 -32.629
P:       .438014126893999990  +/-   .000000000011000000
Pdot:   1.033000D-16  +/-    8.000000D-19
Pepoch: 46800.
DM:       35.7000  +/-     1.6000
w50:     19.00 ms     43.38 mP
s400:    11.00
s1400:     .90
RM:       13.00  +/-    5.00
d,z:    >  3.27   -1.76   a 
model d:    >  3.27  (model 1)
L:       2.07
age:     7.83
Edot:   31.69
B:      11.33
