
PSR:    J1428-5530      B1424-55                             Scode:   4010
RAB:    14:24:54.69300  +/- 00:00:0 .01595
DECB:  -55:17:26.4000   +/- 00:00:0 .2001
RAJ:    14:28:26.29706  +/- 00:00:0 .01595
DECJ:  -55:30:50.1881   +/- 00:00:0 .2001
l,b:    316.427   4.796
P:       .570290462862000020  +/-   .000000000007000000
Pdot:   2.080500D-15  +/-    4.000000D-19
Pepoch: 46800.
DM:       82.4000  +/-      .6000
w50:     15.00 ms     26.30 mP
s400:    35.00
s1400:    2.00
RM:        4.00  +/-    3.00
d,z:       2.29     .19   ab
model d:       2.29  (model 1)
L:       2.26
age:     6.64
Edot:   32.65
B:      12.04
