
PSR:    J1133-6250      B1131-62                             Scode:   1000
RAB:    11:31:33.07000  +/- 00:00:0 .06999
DECB:  -62:34:15.6000   +/- 00:00:0 .4002
RAJ:    11:33:51.45144  +/- 00:00:0 .06999
DECJ:  -62:50:50.5876   +/- 00:00:0 .4002
l,b:    294.213  -1.296
P:      1.022875140820000100  +/-   .000000000090000000
Pdot:   4.520000D-16  +/-    2.000000D-18
Pepoch: 47911.
DM:      567.8000  +/-      .5000
w50:    260.00 ms    254.19 mP
s1400:    8.00
log tau_s:    -1.64
d,z:    > 30.00    -.68   c 
model d:    > 30.00  (model 1)
L:       4.15
age:     7.56
Edot:   31.22
B:      11.84
