
PSR:    J2337+6151      B2334+61           Type: S           Scode:    240
RAB:    23:34:45.03000  +/- 00:00:0 .01994
DECB:  +61:34:25.3000   +/- 00:00:0 .1000
RAJ:    23:37:05.78006  +/- 00:00:0 .01994
DECJ:  +61:51:01.8557   +/- 00:00:0 .1000
l,b:    114.284    .234
P:       .495278784650000030  +/-   .000000000030000000
Pdot:   1.918103D-13  +/-    1.900000D-18
Pepoch: 48419.
DM:       58.3800  +/-      .0900
w50:     14.50 ms     29.28 mP
s400:    10.00
s1400:    1.40
d,z:       2.47     .01   aa
model d:       2.47  (model 1)
L:       1.79
age:     4.61
Edot:   34.80
B:      12.99
