
PSR:    J1651-1709      B1648-17                             Scode:   4250
RAB:    16:48:38.37000  +/- 00:00:0 .02998
DECB:  -17:04:19.0000   +/- 00:00:02.0008
RAJ:    16:51:31.75605  +/- 00:00:0 .02998
DECJ:  -17:09:19.9971   +/- 00:00:02.0008
l,b:      2.810  16.882
P:       .973392081010000080  +/-   .000000000060000000
Pdot:   3.042000D-15  +/-    2.000000D-18
Pepoch: 43890.
DM:       30.5000  +/-     1.3000
w50:     27.40 ms     28.15 mP
s400:     9.00
s1400:     .30
RM:        4.00  +/-    8.00
d,z:       1.51     .44   aa
model d:       1.51  (model 1)
L:       1.31
age:     6.71
Edot:   32.12
B:      12.24
