
PSR:    J1224-6407      B1221-63                             Scode:   5010
RAB:    12:21:34.71500  +/- 00:00:0 .00899
DECB:  -63:51:16.8400   +/- 00:00:0 .0699
RAJ:    12:24:22.18488  +/- 00:00:0 .00899
DECJ:  -64:07:53.9079   +/- 00:00:0 .0699
l,b:    299.984  -1.415
P:       .216474814297000000  +/-   .000000000016000000
Pdot:   4.954700D-15  +/-    8.000000D-19
Pepoch: 43556.
DM:       96.9000  +/-      .5000
w50:      5.00 ms     23.10 mP
s400:    48.00
s1400:    5.00
RM:       -3.60  +/-     .50
d,z:       2.29    -.06   aa
model d:       2.29  (model 1)
L:       2.40
age:     5.84
Edot:   34.29
B:      12.02
