
PSR:    J1833-0338      B1831-03                             Scode:   4212
RAB:    18:31:04.00000  +/- 00:00:01.99389
DECB:  -03:40:55.0000   +/- 00:00:29.9084
RAJ:    18:33:41.99806  +/- 00:00:01.99389
DECJ:  -03:38:33.8671   +/- 00:00:29.9084
l,b:     27.665   2.275
P:       .686676815999999970  +/-   .000000008000000000
Pdot:   4.150000D-14  +/-    4.000000D-16
Pepoch: 42004.
DM:      235.8000  +/-      .4000
w50:     26.40 ms     38.45 mP
s400:    89.00
s1400:    2.80
RM:      -41.00  +/-    4.00
d,z:       5.09     .20   aa
model d:       5.09  (model 1)
L:       3.36
age:     5.42
Edot:   33.70
B:      12.73
