
PSR:    J1912+2525      B                                    Scode:   2000
RAB:    19:10:15.02358  +/- 00:00:0 .01000
DECB:  +25:19:55.4579   +/- 00:00:0 .1099
RAJ:    19:12:18.62600  +/- 00:00:0 .01000
DECJ:  +25:25:02.1200   +/- 00:00:0 .1099
l,b:     57.933   7.043
P:       .621976245060000040  +/-   .000000000060000000
Pdot:   2.250000D-16  +/-    4.000000D-18
Pepoch: 49080.
DM:       37.8360  +/-      .0080
w50:      9.00 ms     14.47 mP
s400:     1.60
d,z:       2.02     .25   aa
model d:       2.02  (model 1)
L:        .82
age:     7.64
Edot:   31.57
B:      11.58
