
PSR:    J1721-3532      B1718-35                             Scode:   1000
RAB:    17:18:12.07000  +/- 00:00:0 .01994
DECB:  -35:29:52.0000   +/- 00:00:0 .8993
RAJ:    17:21:32.79867  +/- 00:00:0 .01994
DECJ:  -35:32:46.5551   +/- 00:00:0 .8993
l,b:    351.688    .671
P:       .280417341940999990  +/-   .000000000007000000
Pdot:   2.519480D-14  +/-    3.000000D-19
Pepoch: 48379.
DM:      496.0000  +/-     4.0000
w50:     23.00 ms     82.02 mP
s1400:   10.00
RM:      205.00  +/-   75.00
log tau_s:    -1.11
d,z:       6.36     .07   bb
model d:       6.36  (model 1)
L:       3.42
age:     5.25
Edot:   34.65
B:      12.43
