
PSR:    J0323+3944      B0320+39                             Scode:     60
RAB:    03:20:10.13300  +/- 00:00:0 .00600
DECB:  +39:34:14.9900   +/- 00:00:0 .0699
RAJ:    03:23:26.60541  +/- 00:00:0 .00600
DECJ:  +39:44:53.0620   +/- 00:00:0 .0699
Epoch:  46573.
PMRA:    16.000  +/-     6.000
PMDEC:  -30.000  +/-     5.000
l,b:    152.180 -14.338
P:      3.032071906330000100  +/-   .000000000130000000
Pdot:   6.380000D-16  +/-    8.000000D-18
Pepoch: 48382.
DM:       25.8000  +/-      .5000
w50:     42.70 ms     14.08 mP
s400:    34.00
s1400:     .90
RM:       58.00  +/-    3.00
log tau_s:    -6.97
d,z:       1.47    -.36   aa
model d:       1.47  (model 1)
L:       1.87
age:     7.88
Edot:   29.96
B:      12.15
