
PSR:    J2006-0807      B2003-08                             Scode:     10
RAB:    20:03:34.32000  +/- 00:00:0 .05005
DECB:  -08:15:42.0000   +/- 00:00:02.0008
RAJ:    20:06:16.30821  +/- 00:00:0 .05005
DECJ:  -08:07:02.4403   +/- 00:00:02.0008
l,b:     34.100 -20.303
P:       .580871331520000030  +/-   .000000000030000000
Pdot:   4.520000D-17  +/-    1.500000D-18
Pepoch: 48383.
DM:       32.1000  +/-      .3000
w50:     13.20 ms     22.72 mP
s400:    20.00
s1400:    2.80
RM:      -52.00  +/-    5.00
log tau_s:    -7.23
d,z:       1.99    -.69   bb
model d:       1.99  (model 1)
L:       1.90
age:     8.31
Edot:   30.96
B:      11.22
