
PSR:    J2330-2005      B2327-20                             Scode:   4010
RAB:    23:27:49.73700  +/- 00:00:0 .01898
DECB:  -20:22:01.6000   +/- 00:00:0 .4992
RAJ:    23:30:26.80868  +/- 00:00:0 .01898
DECJ:  -20:05:28.5740   +/- 00:00:0 .4992
l,b:     49.395 -70.189
P:      1.643620953940000000  +/-   .000000000020000000
Pdot:   4.625800D-15  +/-    1.700000D-18
Pepoch: 46800.
DM:        8.3900  +/-      .0800
w50:     17.20 ms     10.46 mP
s400:    42.00
s1400:    3.00
RM:        9.50  +/-     .20
d,z:        .49    -.46   ab
model d:        .49  (model 1)
L:       1.00
age:     6.75
Edot:   31.61
B:      12.45
