
PSR:    J1852-2610      B                                    Scode:   4000
RAB:    18:49:52.18791  +/- 00:00:25.02680
DECB:  -26:13:42.9506   +/- 00:04:59.0840
RAJ:    18:52:58.00000  +/- 00:00:25.02680
DECJ:  -26:09:60.0000   +/- 00:04:59.0840
l,b:      9.459 -11.912
P:       .336339000000000000  +/-   .000002000000000000
DM:       58.0000  +/-     1.0000
w50:      9.90 ms     29.43 mP
s400:    12.00
s1400:    1.40
d,z:       2.33    -.48   ab
model d:       2.33  (model 1)
