
PSR:    J1136+1551      B1133+16                             Scode:  20010
RAB:    11:33:27.42700  +/- 00:00:0 .00400
DECB:  +16:07:36.7700   +/- 00:00:0 .1000
RAJ:    11:36:03.29579  +/- 00:00:0 .00400
DECJ:  +15:51:0 .6905   +/- 00:00:0 .1000
Epoch:  42364.
PMRA:  -102.000  +/-     5.000
PMDEC:  357.000  +/-     3.000
l,b:    241.905  69.195
P:      1.187911536080000100  +/-   .000000000040000000
Pdot:   3.732730D-15  +/-    5.000000D-20
Pepoch: 41665.
DM:        4.8471  +/-      .0002
w50:     31.70 ms     26.69 mP
s400:   257.00
s1400:   32.00
RM:        3.90  +/-     .20
log tau_s:    -8.15
d,z:        .27     .25   aa
model d:        .27  (model 1)
L:       1.27
age:     6.70
Edot:   31.94
B:      12.33
