
PSR:    J1136-5525      B1133-55                             Scode:   4010
RAB:    11:33:38.92000  +/- 00:00:0 .04002
DECB:  -55:08:32.2000   +/- 00:00:0 .2991
RAJ:    11:36:02.12417  +/- 00:00:0 .04002
DECJ:  -55:25:08.2680   +/- 00:00:0 .2991
l,b:    292.308   5.890
P:       .364705576240000000  +/-   .000000000020000000
Pdot:   8.215100D-15  +/-    1.500000D-18
Pepoch: 46800.
DM:       85.5000  +/-      .7000
w50:     15.00 ms     41.13 mP
s400:    23.00
s1400:    4.00
RM:       28.00  +/-    5.00
d,z:       2.60     .27   ab
model d:       2.60  (model 1)
L:       2.19
age:     5.85
Edot:   33.83
B:      12.24
