
PSR:    J1603-2531      B                                    Scode:   4000
RAB:    15:59:59.59860  +/- 00:00:19.93893
DECB:  -25:22:44.6429   +/- 00:03:0 .0692
RAJ:    16:03:01.00000  +/- 00:00:19.93893
DECJ:  -25:30:60.0000   +/- 00:03:0 .0692
l,b:    348.374  20.005
P:       .283069999999999990  +/-   .000003000000000000
DM:       53.0000  +/-     1.0000
w50:      7.90 ms     27.91 mP
s400:    15.00
d,z:       4.31    1.47   c 
model d:       4.31  (model 1)
