
PSR:    J2037+3621      B2035+36                             Scode:     40
RAB:    20:35:31.80000  +/- 00:00:0 .06999
DECB:  +36:10:51.0000   +/- 00:00:01.0004
RAJ:    20:37:27.53821  +/- 00:00:0 .06999
DECJ:  +36:21:23.3249   +/- 00:00:01.0004
l,b:     76.747  -2.841
P:       .618713653599999970  +/-   .000000000200000000
Pdot:   4.542000D-15  +/-    5.000000D-18
Pepoch: 46259.
DM:       92.0000  +/-     3.0000
w50:     10.70 ms     17.29 mP
s400:     6.00
s1400:     .80
d,z:       4.97    -.25   aa
model d:       4.97  (model 1)
L:       2.17
age:     6.33
Edot:   32.88
B:      12.23
