
PSR:    J1542-5034      B                                    Scode:   4000
RAB:    15:39:07.68112  +/- 00:00:25.02680
DECB:  -50:24:28.6565   +/- 00:03:59.2672
RAJ:    15:42:48.00000  +/- 00:00:25.02680
DECJ:  -50:34:0 .0000   +/- 00:03:59.2672
l,b:    328.573   3.573
P:       .599239999999999990  +/-   .000010000000000000
DM:       90.0000  +/-     2.0000
w50:      5.80 ms      9.68 mP
s400:    21.00
s1400:    1.30
d,z:       2.54     .16   bb
model d:       2.54  (model 1)
