
PSR:    J1328-4357      B1325-43           Type: G           Scode:   4010
RAB:    13:25:09.05000  +/- 00:00:0 .05005
DECB:  -43:42:12.8000   +/- 00:00:0 .6002
RAJ:    13:28:06.48676  +/- 00:00:0 .05005
DECJ:  -43:57:44.1951   +/- 00:00:0 .6002
l,b:    309.874  18.415
P:       .532698803369999970  +/-   .000000000130000000
Pdot:   3.014000D-15  +/-    6.000000D-18
Pepoch: 43614.
DM:       42.0000  +/-     1.0000
w50:     11.00 ms     20.65 mP
s400:    18.00
s1400:    2.00
d,z:       2.29     .72   bb
model d:       2.29  (model 1)
L:       1.98
age:     6.45
Edot:   32.90
B:      12.11
