
PSR:    J1457-5122      B1454-51                             Scode:   4010
RAB:    14:54:08.56000  +/- 00:00:0 .12005
DECB:  -51:10:52.0000   +/- 00:00:02.9908
RAJ:    14:57:40.19044  +/- 00:00:0 .12005
DECJ:  -51:22:53.1655   +/- 00:00:02.9908
l,b:    322.134   6.722
P:      1.748301080100000100  +/-   .000000000700000000
Pdot:   5.290000D-15  +/-    3.000000D-17
Pepoch: 43564.
DM:       37.0000  +/-     5.0000
w50:     14.00 ms      8.01 mP
s400:     4.00
d,z:       1.37     .16   aa
model d:       1.37  (model 1)
L:        .88
age:     6.72
Edot:   31.59
B:      12.49
