
PSR:    J1202-5820      B1159-58                             Scode:   5010
RAB:    11:59:54.08000  +/- 00:00:0 .01595
DECB:  -58:03:51.3000   +/- 00:00:0 .2001
RAJ:    12:02:28.40324  +/- 00:00:0 .01595
DECJ:  -58:20:33.4250   +/- 00:00:0 .2001
l,b:    296.528   3.919
P:       .452800508195000010  +/-   .000000000019000000
Pdot:   2.126500D-15  +/-    9.000000D-19
Pepoch: 43556.
DM:      145.8000  +/-      .5000
w50:     13.00 ms     28.71 mP
s400:    23.00
s1400:    2.00
d,z:       4.96     .34   bb
model d:       4.96  (model 1)
L:       2.75
age:     6.53
Edot:   32.96
B:      12.00
