
PSR:    J1759-2205      B1756-22                             Scode:   1110
RAB:    17:56:23.00000  +/- 00:00:01.99389
DECB:  -22:05:33.0000   +/- 00:00:29.9084
RAJ:    17:59:23.88396  +/- 00:00:01.99389
DECJ:  -22:05:42.2240   +/- 00:00:29.9084
l,b:      7.470    .809
P:       .460969062099999990  +/-   .000000001400000000
Pdot:   1.080000D-14  +/-    1.400000D-15
Pepoch: 44327.
DM:      177.3000  +/-      .3000
w50:      6.90 ms     14.97 mP
s400:    20.00
s1400:    2.60
RM:        6.00  +/-    7.00
d,z:       3.55     .05   aa
model d:       3.55  (model 1)
L:       2.40
age:     5.83
Edot:   33.64
B:      12.35
