
PSR:    J0536-7543      B0538-75                             Scode:   4010
RAB:    05:38:18.73000  +/- 00:00:0 .08003
DECB:  -75:45:35.3000   +/- 00:00:0 .2001
RAJ:    05:36:30.79179  +/- 00:00:0 .08003
DECJ:  -75:43:56.6910   +/- 00:00:0 .2001
l,b:    287.162 -30.821
P:      1.245855596290000000  +/-   .000000000050000000
Pdot:   5.650000D-16  +/-    3.000000D-18
Pepoch: 46800.
DM:       18.3300  +/-      .1000
w50:     75.00 ms     60.20 mP
s400:    75.00
s1400:   13.00
RM:       21.40  +/-     .50
d,z:       1.10    -.56   ba
model d:       1.10  (model 1)
L:       1.96
age:     7.54
Edot:   31.06
B:      11.93
