
PSR:    J1851+1259      B1848+12                             Scode:    200
RAB:    18:48:54.48000  +/- 00:00:0 .02998
DECB:  +12:55:59.4000   +/- 00:00:0 .6992
RAJ:    18:51:13.23290  +/- 00:00:0 .02998
DECJ:  +12:59:36.5693   +/- 00:00:0 .6992
l,b:     44.513   5.932
P:      1.205299467199999900  +/-   .000000000200000000
Pdot:   1.152100D-14  +/-    9.000000D-18
Pepoch: 46077.
DM:       71.0000  +/-     3.0000
w50:      9.40 ms      7.80 mP
s400:     8.00
s1400:     .50
RM:      158.00  +/-   16.00
d,z:       3.51     .36   aa
model d:       3.51  (model 1)
L:       1.99
age:     6.22
Edot:   32.42
B:      12.58
