
PSR:    J0814+7429      B0809+74                             Scode:     60
RAB:    08:09:02.82000  +/- 00:00:0 .04002
DECB:  +74:38:11.6500   +/- 00:00:0 .1401
RAJ:    08:14:59.44326  +/- 00:00:0 .04002
DECJ:  +74:29:05.7947   +/- 00:00:0 .1401
Epoch:  48382.
PMRA:    15.000  +/-     7.000
PMDEC:  -49.000  +/-     6.000
l,b:    139.998  31.618
P:      1.292241435530999900  +/-   .000000000016000000
Pdot:   1.683000D-16  +/-    8.000000D-19
Pepoch: 48382.
DM:        5.7513  +/-      .0002
w50:     41.40 ms     32.04 mP
s400:    79.00
s1400:   10.00
RM:      -11.70  +/-    1.30
log tau_s:    -8.54
d,z:        .31     .16   aa
model d:        .31  (model 1)
L:        .88
age:     8.09
Edot:   30.49
B:      11.67
