
PSR:    J1646-6831      B1641-68                             Scode:   4010
RAB:    16:41:40.67000  +/- 00:00:0 .12005
DECB:  -68:26:25.6000   +/- 00:00:01.2995
RAJ:    16:46:54.75370  +/- 00:00:0 .12005
DECJ:  -68:31:50.6504   +/- 00:00:01.2995
l,b:    321.842 -14.829
P:      1.785611239599999900  +/-   .000000000600000000
Pdot:   1.700000D-15  +/-    3.000000D-17
Pepoch: 43558.
DM:       43.0000  +/-     2.0000
w50:     88.00 ms     49.28 mP
s400:    23.00
s1400:    2.00
RM:      105.00  +/-    3.00
d,z:       1.80    -.46   ab
model d:       1.80  (model 1)
L:       1.87
age:     7.22
Edot:   31.07
B:      12.25
