
PSR:    J0942-5657      B0941-56                             Scode:   5010
RAB:    09:41:18.58500  +/- 00:00:0 .01595
DECB:  -56:43:57.3100   +/- 00:00:0 .1401
RAJ:    09:42:54.46161  +/- 00:00:0 .01595
DECJ:  -56:57:43.4371   +/- 00:00:0 .1401
l,b:    279.345  -2.990
P:       .808127417141999980  +/-   .000000000011000000
Pdot:   3.962840D-14  +/-    1.100000D-18
Pepoch: 46800.
DM:      160.8000  +/-      .5000
w50:      7.00 ms      8.66 mP
s400:    13.00
s1400:    1.60
d,z:       5.07    -.26   ab
model d:       5.07  (model 1)
L:       2.52
age:     5.51
Edot:   33.47
B:      12.76
