
PSR:    J1823-1115      B1820-11           Type: B           Scode:    100
RAB:    18:20:53.40000  +/- 00:00:0 .09997
DECB:  -11:16:45.0000   +/- 00:00:02.9908
RAJ:    18:23:40.41145  +/- 00:00:0 .09997
DECJ:  -11:15:07.7293   +/- 00:00:02.9908
l,b:     19.768    .946
P:       .279828450820000020  +/-   .000000000020000000
Pdot:   1.378000D-15  +/-    1.000000D-18
Pepoch: 47400.
DM:      428.0000  +/-     3.0000
w50:     29.40 ms    105.06 mP
s400:    11.00
s1400:    3.80
log tau_s:    -2.20
d,z:       6.26     .10   bb
model d:       6.26  (model 1)
L:       2.64
age:     6.51
Edot:   33.40
B:      11.80
x:       200.6720000  +/-      .0030000
e:          .794620000  +/-      .000010000
T0:     47260.54300000  +/-       .00100000
Pb (s):  30910654.0800000  +/-         25.9200000
Pb (d):  357.762200000000  +/-      .000300000000
Om:       99.172000  +/-     .0020000
