
PSR:    J1803-2137      B1800-21           Type: GS          Scode:   1100
RAB:    18:00:51.11000  +/- 00:00:0 .02998
DECB:  -21:37:17.5000   +/- 00:00:0 .4992
RAJ:    18:03:51.35278  +/- 00:00:0 .02998
DECJ:  -21:37:07.2095   +/- 00:00:0 .4992
l,b:      8.395    .146
P:       .133607637807000000  +/-   .000000000007000000
Pdot:   1.343270D-13  +/-    1.000000D-18
Pepoch: 48700.
DM:      233.9000  +/-      .3000
w50:     20.70 ms    154.93 mP
s400:    23.00
s1400:   14.60
RM:      -27.00  +/-    3.00
log tau_s:  < -2.38
dl,du:     3.40    5.20
d,z:       3.94     .01   aa
model d:       3.94  (model 1)
L:       2.55
age:     4.20
Edot:   36.35
B:      12.63
