
PSR:    J1359-6038      B1356-60                             Scode:   5010
RAB:    13:56:26.18000  +/- 00:00:0 .08003
DECB:  -60:23:36.2000   +/- 00:00:0 .8003
RAJ:    13:59:58.21836  +/- 00:00:0 .08003
DECJ:  -60:38:07.9815   +/- 00:00:0 .8003
l,b:    311.239   1.126
P:       .127500776850000000  +/-   .000000000030000000
Pdot:   6.338500D-15  +/-    1.300000D-18
Pepoch: 43556.
DM:      295.0000  +/-      .8000
w50:      5.50 ms     43.14 mP
s400:   105.00
s1400:    7.00
log tau_s:  < -3.32
dl,du:     3.90   99.00
d,z:       5.91     .12   aa
model d:       5.91  (model 1)
L:       3.56
age:     5.50
Edot:   35.08
B:      11.96
