
PSR:    J0953+0755      B0950+08           Type: I           Scode: 100010
RAB:    09:50:30.54000  +/- 00:00:0 .00300
DECB:  +08:09:45.0500   +/- 00:00:0 .0400
RAJ:    09:53:09.31552  +/- 00:00:0 .00300
DECJ:  +07:55:35.6032   +/- 00:00:0 .0400
Epoch:  46058.
PMRA:    15.000  +/-     8.000
PMDEC:   31.000  +/-     5.000
l,b:    228.908  43.697
P:       .253065068190000020  +/-   .000000000030000000
Pdot:   2.291500D-16  +/-    1.000000D-19
Pepoch: 41501.
DM:        2.9702  +/-      .0001
w50:      9.50 ms     37.54 mP
s400:   400.00
s1400:   84.00
RM:        1.35  +/-     .15
log tau_s:   -10.84
dl,du:      .11     .14
d,z:        .12     .08   aa
model d:        .16  (model 1)
L:        .76
age:     7.24
Edot:   32.75
B:      11.39
