
PSR:    J1743-0337      B1740-03                             Scode:     10
RAB:    17:40:30.00000  +/- 00:00:01.99389
DECB:  -03:36:08.0000   +/- 00:01:0 .0231
RAJ:    17:43:07.97083  +/- 00:00:01.99389
DECJ:  -03:37:27.4275   +/- 00:01:0 .0231
l,b:     21.675  13.415
P:       .444644291000000020  +/-   .000000014000000000
Pdot:   3.170000D-15  +/-    1.400000D-16
Pepoch: 44328.
DM:       35.0000  +/-     5.0000
w50:      6.50 ms     14.62 mP
s400:     3.10
s1400:     .50
d,z:       1.79     .42   aa
model d:       1.79  (model 1)
L:       1.00
age:     6.35
Edot:   33.15
B:      12.08
