
PSR:    J1824-1118      B1821-11                             Scode:    100
RAB:    18:21:42.40000  +/- 00:00:0 .09997
DECB:  -11:20:18.0000   +/- 00:00:04.9916
RAJ:    18:24:29.47739  +/- 00:00:0 .09997
DECJ:  -11:18:37.1727   +/- 00:00:04.9916
l,b:     19.810    .742
P:       .435758271689999980  +/-   .000000000050000000
Pdot:   3.571000D-15  +/-    5.000000D-18
Pepoch: 47000.
DM:      582.0000  +/-     9.0000
w50:     12.90 ms     29.60 mP
s1400:    2.40
log tau_s:    -1.56
d,z:       7.77     .10   bb
model d:       7.77  (model 1)
L:       2.93
age:     6.29
Edot:   33.23
B:      12.10
