
PSR:    J1935+1616      B1933+16                             Scode:   2616
RAB:    19:33:31.87500  +/- 00:00:0 .00100
DECB:  +16:09:58.3100   +/- 00:00:0 .0200
RAJ:    19:35:47.83473  +/- 00:00:0 .00100
DECJ:  +16:16:40.5907   +/- 00:00:0 .0200
Epoch:  40213.
PMRA:     2.000  +/-     3.000
PMDEC:  -25.000  +/-     5.000
l,b:     52.436  -2.093
P:       .358736248270000000  +/-   .000000000008000000
Pdot:   6.003540D-15  +/-    5.000000D-20
Pepoch: 42265.
DM:      158.5300  +/-      .0500
w50:      9.00 ms     25.09 mP
s400:   242.00
s1400:   42.00
RM:       -1.90  +/-     .40
log tau_s:    -4.82
dl,du:     3.50   99.00
d,z:       7.94    -.29   aa
model d:       7.94  (model 1)
L:       4.18
age:     5.98
Edot:   33.71
B:      12.17
