
PSR:    J0921+6254      B0917+63                             Scode:     40
RAB:    09:17:15.64900  +/- 00:00:0 .00600
DECB:  +63:06:59.6300   +/- 00:00:0 .0499
RAJ:    09:21:14.06230  +/- 00:00:0 .00600
DECJ:  +62:54:14.0863   +/- 00:00:0 .0499
l,b:    151.431  40.725
P:      1.567992903420000000  +/-   .000000000010000000
Pdot:   3.608100D-15  +/-    4.000000D-19
Pepoch: 46110.
DM:       12.8000  +/-      .1000
w50:     38.00 ms     24.23 mP
s400:     5.00
s1400:     .50
d,z:        .76     .50   aa
model d:        .76  (model 1)
L:        .46
age:     6.84
Edot:   31.57
B:      12.38
