
PSR:    J1900+30        B                                    Scode:  20000
RAB:    18:58:22.80616  +/- 00:00:15.95115
DECB:  +30:48:43.4182   +/- 00:04:59.0840
RAJ:    19:00:18.00000  +/- 00:00:15.95115
DECJ:  +30:53:0 .0000   +/- 00:04:59.0840
l,b:     61.757  11.802
P:       .602223999999999980  +/-   .000001000000000000
DM:       65.0000  +/-    13.0000
d,z:       4.56     .93   bb
model d:       4.56  (model 1)
