
PSR:    J2156+2618      B                                    Scode:  10000
RAB:    21:54:06.95056  +/- 00:00:0 .00600
DECB:  +26:04:13.2080   +/- 00:00:0 .1801
RAJ:    21:56:23.70400  +/- 00:00:0 .00600
DECJ:  +26:18:30.4700   +/- 00:00:0 .1801
l,b:     80.976 -21.969
P:       .498149072540000020  +/-   .000000000020000000
Pdot:   1.420000D-17  +/-    1.000000D-18
Pepoch: 49080.
DM:       48.8000  +/-      .8000
w50:      9.00 ms     18.07 mP
s400:     2.70
d,z:    >  4.71   -1.76   a 
model d:    >  4.71  (model 1)
L:       1.78
age:     8.75
Edot:   30.66
B:      10.93
