
PSR:    J1743-1351      B1740-13                             Scode:   4200
RAB:    17:40:47.38000  +/- 00:00:0 .02998
DECB:  -13:50:24.0000   +/- 00:00:04.0015
RAJ:    17:43:37.56878  +/- 00:00:0 .02998
DECJ:  -13:51:41.7197   +/- 00:00:04.0015
l,b:     12.698   8.205
P:       .405338711299999990  +/-   .000000000100000000
Pdot:   4.810000D-16  +/-    6.000000D-18
Pepoch: 46183.
DM:      115.0000  +/-     2.0000
w50:     14.60 ms     36.02 mP
s400:     6.10
s1400:     .50
d,z:       4.75     .68   bb
model d:       4.75  (model 1)
L:       2.14
age:     7.13
Edot:   32.46
B:      11.65
