
PSR:    J0820-4114      B0818-41                             Scode:   4010
RAB:    08:18:29.62000  +/- 00:00:0 .06999
DECB:  -41:05:03.9000   +/- 00:00:0 .6992
RAJ:    08:20:15.44958  +/- 00:00:0 .06999
DECJ:  -41:14:36.4312   +/- 00:00:0 .6992
l,b:    258.750  -2.735
P:       .545445536110000020  +/-   .000000000020000000
Pdot:   1.890000D-17  +/-    1.300000D-18
Pepoch: 48383.
DM:      113.4000  +/-      .2000
w50:    140.00 ms    256.67 mP
s400:    65.00
s1400:    9.00
RM:       57.70  +/-     .50
d,z:       2.38    -.11   cb
model d:       2.38  (model 1)
L:       2.57
age:     8.66
Edot:   30.66
B:      11.01
