
PSR:    J1915+1606      B1913+16           Type: BR          Scode:      4
RAB:    19:13:12.46769  +/- 00:00:0 .00015
DECB:  +16:01:08.0320   +/- 00:00:0 .0003
RAJ:    19:15:28.00018  +/- 00:00:0 .00015
DECJ:  +16:06:27.4037   +/- 00:00:0 .0003
Epoch:  45888.
PMRA:    -2.900  +/-      .900
PMDEC:     .700  +/-      .800
l,b:     49.968   2.122
P:       .059029997929612998  +/-   .000000000000007000
Pdot:   8.627130D-18  +/-    8.000000D-23
Pepoch: 45888.
DM:      168.7700  +/-      .0100
w50:     12.20 ms    206.67 mP
s400:     4.00
s1400:     .70
log tau_s:    -4.62
d,z:       7.13     .26   aa
model d:       7.13  (model 1)
L:       2.31
age:     8.04
Edot:   33.22
B:      10.36
x:         2.3417592  +/-      .0000019
e:          .617130800  +/-      .000000400
T0:     46443.99588319  +/-       .00000003
Pb (s):     27906.9807804  +/-           .0000006
Pb (d):     .322997462736  +/-      .000000000007
Om:      226.575280  +/-     .0000600
Omd:       4.226621  +/-      .000011
