
PSR:    J1844-0433      B1841-04                             Scode:   4100
RAB:    18:41:54.44000  +/- 00:00:0 .02998
DECB:  -04:36:20.4000   +/- 00:00:0 .8003
RAJ:    18:44:33.46273  +/- 00:00:0 .02998
DECJ:  -04:33:12.4873   +/- 00:00:0 .8003
l,b:     28.096   -.548
P:       .991025728230000010  +/-   .000000000030000000
Pdot:   3.916000D-15  +/-    3.000000D-18
Pepoch: 47000.
DM:      124.0000  +/-     4.0000
w50:     31.30 ms     31.58 mP
s400:     8.10
s1400:    1.30
RM:        7.00  +/-   13.00
d,z:       2.79    -.03   aa
model d:       2.79  (model 1)
L:       1.80
age:     6.60
Edot:   32.20
B:      12.30
