
PSR:    J0048+3412      B0045+33                             Scode:    240
RAB:    00:45:50.99000  +/- 00:00:0 .05995
DECB:  +33:55:47.0000   +/- 00:00:01.0004
RAJ:    00:48:33.99555  +/- 00:00:0 .05995
DECJ:  +34:12:07.9239   +/- 00:00:01.0004
l,b:    122.255 -28.666
P:      1.217093528900000000  +/-   .000000000100000000
Pdot:   2.354000D-15  +/-    3.000000D-18
Pepoch: 46104.
DM:       41.0000  +/-     2.0000
w50:     21.70 ms     17.83 mP
s400:     2.30
d,z:    >  3.68   -1.77   a 
model d:    >  3.68  (model 1)
L:       1.49
age:     6.91
Edot:   31.71
B:      12.23
