
PSR:    J1532+2745      B1530+27                             Scode: 100020
RAB:    15:30:04.63000  +/- 00:00:0 .01994
DECB:  +27:55:56.7000   +/- 00:00:0 .4002
RAJ:    15:32:10.28955  +/- 00:00:0 .01994
DECJ:  +27:45:50.5626   +/- 00:00:0 .4002
l,b:     43.481  54.495
P:      1.124835521100000100  +/-   .000000000200000000
Pdot:   8.030000D-16  +/-    6.000000D-18
Pepoch: 46388.
DM:       14.6100  +/-      .0300
w50:     25.70 ms     22.85 mP
s400:    13.00
s1400:     .80
RM:       54.00  +/-   11.00
log tau_s:    -8.19
d,z:        .97     .79   bb
model d:        .97  (model 1)
L:       1.09
age:     7.35
Edot:   31.35
B:      11.98
