
PSR:    J0108+6905      B0105+68                             Scode:     40
RAB:    01:05:05.84000  +/- 00:00:0 .02998
DECB:  +68:49:52.5000   +/- 00:00:0 .2001
RAJ:    01:08:29.52167  +/- 00:00:0 .02998
DECJ:  +69:05:52.3503   +/- 00:00:0 .2001
l,b:    124.461   6.277
P:      1.071118094220000000  +/-   .000000000040000000
Pdot:   4.900000D-17  +/-    1.000000D-18
Pepoch: 46116.
DM:       59.5000  +/-      .6000
s400:     3.70
s1400:     .40
d,z:       2.53     .28   aa
model d:       2.53  (model 1)
L:       1.37
age:     8.54
Edot:   30.20
B:      11.37
