
PSR:    J2257+5909      B2255+58                             Scode:    222
RAB:    22:55:54.17900  +/- 00:00:0 .00400
DECB:  +58:53:10.5700   +/- 00:00:0 .0299
RAJ:    22:57:57.71061  +/- 00:00:0 .00400
DECJ:  +59:09:14.9474   +/- 00:00:0 .0299
l,b:    108.831   -.575
P:       .368245626351000000  +/-   .000000000003000000
Pdot:   5.753700D-15  +/-    1.600000D-19
Pepoch: 48419.
DM:      151.0710  +/-      .0120
w50:     14.80 ms     40.19 mP
s400:    34.00
s1400:    9.20
RM:     -322.00  +/-   11.00
dl,du:     2.60   99.00
d,z:       6.40    -.06   ba
model d:       6.40  (model 1)
L:       3.14
age:     6.01
Edot:   33.66
B:      12.17
