
PSR:    J0907-5157      B0905-51                             Scode:   5010
RAB:    09:05:40.58300  +/- 00:00:0 .01000
DECB:  -51:45:50.9400   +/- 00:00:0 .1000
RAJ:    09:07:15.90030  +/- 00:00:0 .01000
DECJ:  -51:57:59.2528   +/- 00:00:0 .1000
l,b:    272.151  -3.031
P:       .253556015011000000  +/-   .000000000003000000
Pdot:   1.830300D-15  +/-    2.000000D-19
Pepoch: 46800.
DM:      104.0000  +/-      .7000
w50:     17.00 ms     67.05 mP
s400:    35.00
s1400:    9.00
RM:      -24.00  +/-    3.00
d,z:       2.65    -.14   cb
model d:       2.65  (model 1)
L:       2.39
age:     6.34
Edot:   33.65
B:      11.84
