
PSR:    J1730-2304      B                  Type: MR          Scode:  10000
RAB:    17:27:19.68380  +/- 00:00:0 .01994
DECB:  -23:02:05.8122   +/- 00:00:0 .0200
RAJ:    17:30:21.62000  +/- 00:00:0 .01994
DECJ:  -23:04:21.6200   +/- 00:00:0 .0200
l,b:      3.139   6.025
P:       .008122797910920000  +/-   .000000000000030000
Pdot:   1.900000D-20  +/-    1.900000D-20
Pepoch: 49200.
DM:        9.6220  +/-      .0020
w50:       .70 ms     86.18 mP
s400:    43.00
s1400:    4.70
d,z:        .51     .05   aa
model d:        .51  (model 1)
L:       1.05
age:     9.83
Edot:   33.15
B:       8.60
