
PSR:    J1041-1942      B1039-19                             Scode:   4010
RAB:    10:39:10.53000  +/- 00:00:0 .01994
DECB:  -19:26:31.6000   +/- 00:00:0 .4002
RAJ:    10:41:36.21103  +/- 00:00:0 .01994
DECJ:  -19:42:13.8286   +/- 00:00:0 .4002
l,b:    265.592  33.590
P:      1.386368045630000000  +/-   .000000000020000000
Pdot:   9.446000D-16  +/-    1.100000D-18
Pepoch: 48383.
DM:       33.8700  +/-      .0800
w50:     61.80 ms     44.58 mP
s400:    28.00
s1400:    4.00
RM:      -16.00  +/-    5.00
d,z:    >  3.18    1.76   b 
model d:    >  3.18  (model 1)
L:       2.45
age:     7.37
Edot:   31.15
B:      12.06
