
PSR:    J1708-7539      B1701-75                             Scode:     10
RAB:    17:01:15.70000  +/- 00:00:0 .50054
DECB:  -75:35:23.0000   +/- 00:00:02.9908
RAJ:    17:08:02.54457  +/- 00:00:0 .50054
DECJ:  -75:39:22.6831   +/- 00:00:02.9908
l,b:    316.677 -20.221
P:      1.191023996600000000  +/-   .000000000800000000
Pdot:   1.880000D-15  +/-    4.000000D-17
Pepoch: 43565.
DM:       37.0000  +/-     5.0000
w50:     25.00 ms     20.99 mP
s400:     2.50
d,z:       2.01    -.69   ab
model d:       2.01  (model 1)
L:       1.00
age:     7.00
Edot:   31.64
B:      12.18
