
PSR:    J2225+6535      B2224+65           Type: G           Scode:    262
RAB:    22:24:17.49000  +/- 00:00:0 .01994
DECB:  +65:20:16.4200   +/- 00:00:0 .1200
RAJ:    22:25:52.36019  +/- 00:00:0 .01994
DECJ:  +65:35:33.7821   +/- 00:00:0 .1200
Epoch:  48382.
PMRA:   144.000  +/-     3.000
PMDEC:  112.000  +/-     3.000
l,b:    108.636   6.846
P:       .682537459726999970  +/-   .000000000005000000
Pdot:   9.655200D-15  +/-    3.000000D-19
Pepoch: 48382.
DM:       36.1600  +/-      .0500
w50:     21.10 ms     30.91 mP
s400:    22.00
s1400:    2.00
RM:      -21.00  +/-    3.00
log tau_s:    -6.66
d,z:       2.00     .24   aa
model d:       2.00  (model 1)
L:       1.94
age:     6.05
Edot:   33.08
B:      12.42
