
PSR:    J2219+4754      B2217+47                             Scode:    222
RAB:    22:17:45.84800  +/- 00:00:0 .00400
DECB:  +47:39:47.9000   +/- 00:00:0 .0400
RAJ:    22:19:48.13596  +/- 00:00:0 .00400
DECJ:  +47:54:53.8324   +/- 00:00:0 .0400
Epoch:  48382.
PMRA:   -12.000  +/-     8.000
PMDEC:  -30.000  +/-     6.000
l,b:     98.385  -7.598
P:       .538469247948500040  +/-   .000000000001900000
Pdot:   2.765030D-15  +/-    9.000000D-20
Pepoch: 48382.
DM:       43.5160  +/-      .0170
w50:      7.50 ms     13.93 mP
s400:   111.00
s1400:    3.00
RM:      -35.30  +/-    1.80
log tau_s:    -6.97
d,z:       2.45    -.32   aa
model d:       2.45  (model 1)
L:       2.82
age:     6.49
Edot:   32.85
B:      12.09
