
PSR:    J0401-7608      B0403-76                             Scode:   4010
RAB:    04:03:15.06000  +/- 00:00:0 .06999
DECB:  -76:16:25.2000   +/- 00:00:0 .2991
RAJ:    04:01:51.67612  +/- 00:00:0 .06999
DECJ:  -76:08:13.8405   +/- 00:00:0 .2991
l,b:    290.313 -35.907
P:       .545252742352000050  +/-   .000000000016000000
Pdot:   1.538200D-15  +/-    1.200000D-18
Pepoch: 46800.
DM:       21.7000  +/-     1.6000
w50:     18.00 ms     33.01 mP
s400:    19.00
s1400:   14.00
RM:       19.00  +/-     .50
d,z:       1.52    -.89   bb
model d:       1.52  (model 1)
L:       1.64
age:     6.75
Edot:   32.57
B:      11.97
