
PSR:    J0924-5814      B0923-58                             Scode:   4010
RAB:    09:23:04.90000  +/- 00:00:0 .29977
DECB:  -58:01:08.2000   +/- 00:00:01.6006
RAJ:    09:24:30.97324  +/- 00:00:0 .29977
DECJ:  -58:14:06.4568   +/- 00:00:01.6006
l,b:    278.395  -5.595
P:       .739499560900000020  +/-   .000000000500000000
Pdot:   4.830000D-15  +/-    3.000000D-17
Pepoch: 43555.
DM:       60.0000  +/-     4.0000
w50:     42.00 ms     56.80 mP
s400:    22.00
d,z:       2.01    -.20   ba
model d:       2.01  (model 1)
L:       1.95
age:     6.39
Edot:   32.67
B:      12.28
