
PSR:    J1334-5839      B                                    Scode:   4000
RAB:    13:30:54.36112  +/- 00:00:19.93893
DECB:  -58:23:38.4657   +/- 00:02:0 .0461
RAJ:    13:34:11.00000  +/- 00:00:19.93893
DECJ:  -58:39:0 .0000   +/- 00:02:0 .0461
l,b:    308.480   3.761
P:       .107717999999999990  +/-   .000001000000000000
DM:      119.0000  +/-     1.0000
w50:      6.00 ms     55.70 mP
s400:    18.00
s1400:    1.20
d,z:       3.88     .25   ba
model d:       3.88  (model 1)
