
PSR:    J1955+2908      B1953+29           Type: BMR         Scode:      0
RAB:    19:53:26.73110  +/- 00:00:0 .00030
DECB:  +29:00:43.7340   +/- 00:00:0 .0040
RAJ:    19:55:27.88253  +/- 00:00:0 .00030
DECJ:  +29:08:43.6463   +/- 00:00:0 .0040
l,b:     65.839    .443
P:       .006133166488729000  +/-   .000000000000009000
Pdot:   2.950000D-20  +/-    3.000000D-22
Pepoch: 46113.
DM:      104.5800  +/-      .0500
w50:       .80 ms    130.44 mP
s400:    15.00
s1400:    1.00
d,z:       5.39     .04   aa
model d:       5.39  (model 1)
L:       2.64
age:     9.52
Edot:   33.70
B:       8.63
x:        31.4126860  +/-      .0000050
e:          .000330400  +/-      .000000300
T0:     46112.49000000  +/-       .03000000
Pb (s):  10138961.9808000  +/-           .2592000
Pb (d):  117.349097000000  +/-      .000003000000
Om:       29.510000  +/-     .0900000
