
PSR:    J1841+0912      B1839+09                             Scode:   2210
RAB:    18:39:32.82900  +/- 00:00:0 .00800
DECB:  +09:09:10.5000   +/- 00:00:0 .2001
RAJ:    18:41:55.97041  +/- 00:00:0 .00800
DECJ:  +09:12:07.7040   +/- 00:00:0 .2001
l,b:     40.079   6.278
P:       .381318881230000020  +/-   .000000000010000000
Pdot:   1.091600D-15  +/-    4.000000D-19
Pepoch: 43890.
DM:       49.1000  +/-      .2000
w50:      7.90 ms     20.72 mP
s400:    20.00
s1400:    1.70
RM:       53.00  +/-    5.00
log tau_s:    -6.80
d,z:       2.49     .27   aa
model d:       2.49  (model 1)
L:       2.09
age:     6.74
Edot:   32.89
B:      11.82
