
PSR:    J1306-6617      B1303-66                             Scode:   1000
RAB:    13:03:22.12000  +/- 00:00:0 .04002
DECB:  -66:01:19.8000   +/- 00:00:0 .2001
RAJ:    13:06:38.18523  +/- 00:00:0 .04002
DECJ:  -66:17:21.8461   +/- 00:00:0 .2001
l,b:    304.462  -3.463
P:       .473026470689000000  +/-   .000000000007000000
Pdot:   5.974500D-15  +/-    5.000000D-19
Pepoch: 48395.
DM:      436.9000  +/-      .2000
w50:     28.00 ms     59.19 mP
s1400:    5.00
log tau_s:    -2.16
d,z:    > 29.14   -1.76   b 
model d:    > 29.14  (model 1)
L:       4.20
age:     6.10
Edot:   33.35
B:      12.23
