
PSR:    J2235+1506      B                  Type: R           Scode:  10000
RAB:    22:33:16.44943  +/- 00:00:0 .00010
DECB:  +14:51:15.9156   +/- 00:00:0 .0050
RAJ:    22:35:43.70010  +/- 00:00:0 .00010
DECJ:  +15:06:49.0600   +/- 00:00:0 .0050
Epoch:  49250.
PMRA:    15.000  +/-     4.000
PMDEC:   10.000  +/-     8.000
l,b:     80.878 -36.444
P:       .059767357984547000  +/-   .000000000000009000
Pdot:   1.576000D-19  +/-    7.000000D-22
Pepoch: 49250.
DM:       18.0900  +/-      .0500
w50:      2.57 ms     43.00 mP
s400:     3.00
d,z:       1.15    -.68   aa
model d:       1.15  (model 1)
L:        .60
age:     9.78
Edot:   31.47
B:       9.49
