
PSR:    J1544-5308      B1541-52                             Scode:   5010
RAB:    15:41:12.59100  +/- 00:00:0 .01801
DECB:  -52:59:22.9000   +/- 00:00:0 .4992
RAJ:    15:44:59.84448  +/- 00:00:0 .01801
DECJ:  -53:08:46.5372   +/- 00:00:0 .4992
l,b:    327.271   1.320
P:       .178553799688000000  +/-   .000000000014000000
Pdot:   6.070000D-17  +/-    7.000000D-19
Pepoch: 43556.
DM:       35.2000  +/-      .7000
w50:      8.00 ms     44.80 mP
s400:    23.00
s1400:    8.00
d,z:       1.29     .03   aa
model d:       1.29  (model 1)
L:       1.58
age:     7.67
Edot:   32.62
B:      11.02
