
PSR:    J1826-1334      B1823-13           Type: G           Scode:   1100
RAB:    18:23:23.34000  +/- 00:00:0 .01000
DECB:  -13:36:35.4000   +/- 00:00:0 .8003
RAJ:    18:26:13.16767  +/- 00:00:0 .01000
DECJ:  -13:34:47.1565   +/- 00:00:0 .8003
l,b:     18.001   -.691
P:       .101451361351000000  +/-   .000000000002000000
Pdot:   7.494550D-14  +/-    1.200000D-18
Pepoch: 48650.
DM:      231.0000  +/-     1.0000
w50:      6.40 ms     63.08 mP
s1400:    4.30
RM:       10.00  +/-    5.00
log tau_s:  < -2.08
d,z:       4.12    -.05   aa
model d:       4.12  (model 1)
L:       1.30
age:     4.33
Edot:   36.45
B:      12.45
