
PSR:    J1836-1008      B1834-10                             Scode:   4010
RAB:    18:34:08.30000  +/- 00:00:0 .09997
DECB:  -10:10:44.0000   +/- 00:00:04.9916
RAJ:    18:36:53.89128  +/- 00:00:0 .09997
DECJ:  -10:08:09.3130   +/- 00:00:04.9916
l,b:     22.263  -1.416
P:       .562705655000000030  +/-   .000000000200000000
Pdot:   1.177500D-14  +/-    6.000000D-18
Pepoch: 43893.
DM:      318.0000  +/-     6.0000
w50:     89.00 ms    158.16 mP
s400:    54.00
s1400:    5.00
RM:    -1000.00  +/-   99.00
d,z:       5.40    -.13   aa
model d:       5.40  (model 1)
L:       3.20
age:     5.88
Edot:   33.42
B:      12.42
