
PSR:    J1633-5015      B1629-50                             Scode:   1000
RAB:    16:29:12.11100  +/- 00:00:0 .00600
DECB:  -50:08:49.1000   +/- 00:00:0 .2001
RAJ:    16:33:0 .10272  +/- 00:00:0 .00600
DECJ:  -50:15:08.1286   +/- 00:00:0 .2001
l,b:    334.699  -1.569
P:       .352142380018000020  +/-   .000000000003000000
Pdot:   3.787700D-15  +/-    2.000000D-19
Pepoch: 48361.
DM:      398.4100  +/-      .0800
w50:      9.00 ms     25.56 mP
s1400:    6.00
RM:      307.00  +/-   12.00
log tau_s:    -2.31
d,z:       7.02    -.19   bb
model d:       7.02  (model 1)
L:       3.40
age:     6.17
Edot:   33.54
B:      12.07
