
PSR:    J1738-3211      B1735-32                             Scode:   1100
RAB:    17:35:38.60000  +/- 00:00:0 .01994
DECB:  -32:10:14.0000   +/- 00:00:02.0008
RAJ:    17:38:54.20482  +/- 00:00:0 .01994
DECJ:  -32:11:53.2108   +/- 00:00:02.0008
l,b:    356.466   -.491
P:       .768498767249999990  +/-   .000000000020000000
Pdot:   7.950000D-16  +/-    2.000000D-18
Pepoch: 47000.
DM:       50.0000  +/-     3.0000
w50:     18.90 ms     24.59 mP
s400:     2.90
s1400:    1.60
d,z:       1.48    -.01   aa
model d:       1.48  (model 1)
L:        .80
age:     7.19
Edot:   31.84
B:      11.90
