
PSR:    J1610-1322      B1607-13                             Scode:     40
RAB:    16:07:55.00000  +/- 00:00:0 .04002
DECB:  -13:14:34.0000   +/- 00:00:02.0008
RAJ:    16:10:42.76050  +/- 00:00:0 .04002
DECJ:  -13:22:19.3801   +/- 00:00:02.0008
l,b:    359.427  26.949
P:      1.018392674440000000  +/-   .000000000060000000
Pdot:   2.300000D-16  +/-    2.000000D-18
Pepoch: 46075.
DM:       48.0000  +/-     1.0000
w50:     37.60 ms     36.92 mP
s400:    16.00
d,z:    >  3.89    1.76   a 
model d:    >  3.89  (model 1)
L:       2.38
age:     7.85
Edot:   30.93
B:      11.69
