
PSR:    J0837+0610      B0834+06                             Scode:     50
RAB:    08:34:26.18500  +/- 00:00:0 .00300
DECB:  +06:20:43.9300   +/- 00:00:0 .0499
RAJ:    08:37:05.64926  +/- 00:00:0 .00300
DECJ:  +06:10:14.0809   +/- 00:00:0 .0499
Epoch:  46058.
PMRA:     2.000  +/-     5.000
PMDEC:   51.000  +/-     3.000
l,b:    219.721  26.272
P:      1.273768080672000000  +/-   .000000000015000000
Pdot:   6.799500D-15  +/-    7.000000D-19
Pepoch: 48362.
DM:       12.8579  +/-      .0002
w50:     23.90 ms     18.76 mP
s400:    89.00
s1400:    4.00
RM:       23.60  +/-     .70
log tau_s:    -8.04
d,z:        .72     .32   aa
model d:        .72  (model 1)
L:       1.66
age:     6.47
Edot:   32.11
B:      12.47
