
PSR:    J1527-5552      B1523-55                             Scode:   4010
RAB:    15:23:50.31000  +/- 00:00:0 .15951
DECB:  -55:41:42.0000   +/- 00:00:02.9908
RAJ:    15:27:40.89417  +/- 00:00:0 .15951
DECJ:  -55:52:06.6704   +/- 00:00:02.9908
l,b:    323.639    .590
P:      1.048704886599999900  +/-   .000000000600000000
Pdot:   1.128000D-14  +/-    3.000000D-17
Pepoch: 43558.
DM:      358.0000  +/-     5.0000
w50:     26.00 ms     24.79 mP
s400:    17.00
s1400:    1.40
d,z:       7.07     .07   aa
model d:       7.07  (model 1)
L:       2.93
age:     6.17
Edot:   32.59
B:      12.54
