
PSR:    J1902+0723      B                                    Scode:   2000
RAB:    18:59:48.09866  +/- 00:00:0 .08993
DECB:  +07:19:27.3678   +/- 00:00:04.0015
RAJ:    19:02:13.54000  +/- 00:00:0 .08993
DECJ:  +07:23:51.0000   +/- 00:00:04.0015
l,b:     40.742    .985
P:       .487812628300000000  +/-   .000000000200000000
Pdot:   2.100000D-16  +/-    5.000000D-18
Pepoch: 49080.
DM:      105.0000  +/-      .3000
w50:     29.00 ms     59.45 mP
s400:      .60
d,z:       3.33     .06   aa
model d:       3.33  (model 1)
L:        .82
age:     7.57
Edot:   31.85
B:      11.51
