
PSR:    J1816-1729      B1813-17                             Scode:    100
RAB:    18:13:23.90000  +/- 00:00:0 .09997
DECB:  -17:30:12.0000   +/- 00:00:10.0038
RAJ:    18:16:18.67905  +/- 00:00:0 .09997
DECJ:  -17:29:07.0947   +/- 00:00:10.0038
l,b:     13.432   -.425
P:       .782311805059999980  +/-   .000000000080000000
Pdot:   7.254000D-15  +/-    6.000000D-18
Pepoch: 47000.
DM:      528.0000  +/-    10.0000
w50:     14.80 ms     18.92 mP
s1400:    1.40
log tau_s:  < -2.01
d,z:       6.51    -.05   bb
model d:       6.51  (model 1)
L:       2.24
age:     6.23
Edot:   32.78
B:      12.38
