
PSR:    J1937+2544      B1935+25                             Scode:   2040
RAB:    19:34:56.84800  +/- 00:00:0 .00501
DECB:  +25:37:26.2100   +/- 00:00:0 .0699
RAJ:    19:37:01.26801  +/- 00:00:0 .00501
DECJ:  +25:44:13.7291   +/- 00:00:0 .0699
l,b:     60.836   2.270
P:       .200980130896600000  +/-   .000000000000800000
Pdot:   6.428900D-16  +/-    5.000000D-20
Pepoch: 48415.
DM:       53.2400  +/-      .0300
w50:     15.50 ms     77.12 mP
s400:     6.60
s1400:    2.30
d,z:       2.76     .11   aa
model d:       2.76  (model 1)
L:       1.70
age:     6.70
Edot:   33.50
B:      11.56
