
PSR:    J1709-4428      B1706-44           Type: GHS         Scode:   5000
RAB:    17:06:04.55000  +/- 00:00:0 .08003
DECB:  -44:25:11.0000   +/- 00:00:02.9908
RAJ:    17:09:42.16772  +/- 00:00:0 .08003
DECJ:  -44:28:56.8926   +/- 00:00:02.9908
l,b:    343.099  -2.683
P:       .102449749380000000  +/-   .000000000003000000
Pdot:   9.304000D-14  +/-    2.000000D-19
Pepoch: 48861.
DM:       75.6900  +/-      .0500
w50:      7.00 ms     68.33 mP
s1400:   10.00
RM:       -7.00  +/-    4.00
log tau_s:  < -3.44
d,z:       1.82    -.09   ab
model d:       1.82  (model 1)
L:       1.70
age:     4.24
Edot:   36.53
B:      12.50
