
PSR:    J1356-5521      B                                    Scode:   4000
RAB:    13:53:21.93927  +/- 00:00:25.02680
DECB:  -55:06:21.4726   +/- 00:03:0 .0692
RAJ:    13:56:42.00000  +/- 00:00:25.02680
DECJ:  -55:21:0 .0000   +/- 00:03:0 .0692
l,b:    312.180   6.346
P:       .507380000000000050  +/-   .000010000000000000
DM:      174.0000  +/-     1.0000
w50:     18.00 ms     35.48 mP
s400:    12.00
s1400:    1.50
d,z:       8.74     .97   c 
model d:       8.74  (model 1)
