
PSR:    J1844-0244      B1842-02                             Scode:    100
RAB:    18:42:08.00000  +/- 00:00:0 .08003
DECB:  -02:47:51.0000   +/- 00:00:02.0008
RAJ:    18:44:44.94240  +/- 00:00:0 .08003
DECJ:  -02:44:42.1912   +/- 00:00:02.0008
l,b:     29.727    .235
P:       .507718547049999970  +/-   .000000000020000000
Pdot:   1.674200D-14  +/-    2.000000D-18
Pepoch: 47000.
DM:      429.0000  +/-     6.0000
w50:     14.80 ms     29.15 mP
s1400:    1.00
log tau_s:  < -1.86
d,z:       5.99     .02   aa
model d:       5.99  (model 1)
L:       1.82
age:     5.68
Edot:   33.70
B:      12.47
