
PSR:    J1056-6258      B1054-62                             Scode:   5010
RAB:    10:54:27.99000  +/- 00:00:0 .05995
DECB:  -62:42:45.0000   +/- 00:00:0 .4002
RAJ:    10:56:25.55204  +/- 00:00:0 .05995
DECJ:  -62:58:47.6089   +/- 00:00:0 .4002
l,b:    290.292  -2.966
P:       .422447188684000000  +/-   .000000000016000000
Pdot:   3.575700D-15  +/-    1.100000D-18
Pepoch: 46800.
DM:      323.4000  +/-     1.0000
w50:     20.00 ms     47.34 mP
s400:    45.00
s1400:   24.00
RM:        4.00  +/-    2.00
log tau_s:  < -3.34
dl,du:    14.90   99.00
d,z:      14.90    -.77   ab
model d:      14.01  (model 1)
L:       4.00
age:     6.27
Edot:   33.27
B:      12.10
