
PSR:    J0452-1759      B0450-18                             Scode:   4011
RAB:    04:50:21.11300  +/- 00:00:0 .00300
DECB:  -18:04:18.7900   +/- 00:00:0 .0699
RAJ:    04:52:34.09787  +/- 00:00:0 .00300
DECJ:  -17:59:23.5447   +/- 00:00:0 .0699
Epoch:  46573.
PMRA:    19.000  +/-     8.000
PMDEC:   35.000  +/-    18.000
l,b:    217.078 -34.087
P:       .548937986023000040  +/-   .000000000005000000
Pdot:   5.756400D-15  +/-    4.000000D-19
Pepoch: 46800.
DM:       39.9300  +/-      .0500
w50:     28.70 ms     52.28 mP
s400:    82.00
s1400:    5.30
RM:       13.80  +/-     .70
log tau_s:    -6.55
d,z:    >  3.14   -1.76   a 
model d:    >  3.14  (model 1)
L:       2.91
age:     6.18
Edot:   33.14
B:      12.26
