
PSR:    J1239+2453      B1237+25                             Scode:  40020
RAB:    12:37:11.91700  +/- 00:00:0 .00300
DECB:  +25:10:17.3000   +/- 00:00:0 .0299
RAJ:    12:39:40.47480  +/- 00:00:0 .00300
DECJ:  +24:53:49.2513   +/- 00:00:0 .0299
Epoch:  46058.
PMRA:  -106.000  +/-     4.000
PMDEC:   42.000  +/-     3.000
l,b:    252.451  86.541
P:      1.382449256685000000  +/-   .000000000009000000
Pdot:   9.605000D-16  +/-    5.000000D-19
Pepoch: 48383.
DM:        9.2755  +/-      .0002
w50:     51.10 ms     36.96 mP
s400:   110.00
s1400:   10.00
RM:        -.33  +/-     .06
log tau_s:    -8.27
d,z:        .56     .56   ba
model d:        .56  (model 1)
L:       1.54
age:     7.36
Edot:   31.16
B:      12.07
