
PSR:    J1121-5444      B1119-54                             Scode:   4010
RAB:    11:19:01.67700  +/- 00:00:0 .01403
DECB:  -54:27:38.5000   +/- 00:00:0 .2001
RAJ:    11:21:19.18886  +/- 00:00:0 .01403
DECJ:  -54:44:05.5455   +/- 00:00:0 .2001
l,b:    290.083   5.873
P:       .535783131149999980  +/-   .000000000030000000
Pdot:   2.766900D-15  +/-    1.200000D-18
Pepoch: 43557.
DM:      204.7000  +/-      .6000
w50:     15.00 ms     28.00 mP
s400:    24.00
d,z:      15.50    1.59   d 
model d:      15.50  (model 1)
L:       3.76
age:     6.49
Edot:   32.85
B:      12.09
