
PSR:    J0904-7459      B0904-74                             Scode:   4010
RAB:    09:04:28.76000  +/- 00:00:0 .17051
DECB:  -74:47:40.9000   +/- 00:00:0 .4992
RAJ:    09:04:10.83854  +/- 00:00:0 .17051
DECJ:  -74:59:42.7939   +/- 00:00:0 .4992
l,b:    289.738 -18.320
P:       .549553119090000040  +/-   .000000000120000000
Pdot:   4.630000D-16  +/-    6.000000D-18
Pepoch: 43555.
DM:       51.1000  +/-     1.6000
w50:     20.00 ms     36.39 mP
s400:    11.00
s1400:   14.00
RM:        3.00  +/-    3.00
d,z:       4.41   -1.39   c 
model d:       4.41  (model 1)
L:       2.33
age:     7.27
Edot:   32.04
B:      11.71
