
PSR:    J1859+1526      B                                    Scode:   2000
RAB:    18:57:28.42582  +/- 00:00:0 .00700
DECB:  +15:21:57.5351   +/- 00:00:0 .2001
RAJ:    18:59:44.38900  +/- 00:00:0 .00700
DECJ:  +15:26:11.0000   +/- 00:00:0 .2001
l,b:     47.637   5.181
P:       .933971582308000040  +/-   .000000000019000000
Pdot:   3.925500D-15  +/-    6.000000D-19
Pepoch: 49080.
DM:       97.4500  +/-      .0200
w50:     11.00 ms     11.78 mP
s400:     1.50
d,z:       4.76     .43   aa
model d:       4.76  (model 1)
L:       1.53
age:     6.58
Edot:   32.28
B:      12.29
