
PSR:    J1817-3618      B1813-36                             Scode:     10
RAB:    18:13:43.02800  +/- 00:00:0 .01403
DECB:  -36:19:11.3000   +/- 00:00:0 .6002
RAJ:    18:17:05.77726  +/- 00:00:0 .01403
DECJ:  -36:18:03.9830   +/- 00:00:0 .6002
l,b:    356.801  -9.374
P:       .387016920950000010  +/-   .000000000030000000
Pdot:   2.046500D-15  +/-    1.400000D-18
Pepoch: 43558.
DM:       94.3000  +/-      .5000
w50:      9.00 ms     23.25 mP
s400:    22.00
s1400:    2.00
RM:       66.00  +/-    4.00
d,z:       3.79    -.62   ab
model d:       3.79  (model 1)
L:       2.50
age:     6.48
Edot:   33.14
B:      11.96
