
PSR:    J1757-2421      B1754-24                             Scode:   1101
RAB:    17:54:37.00000  +/- 00:00:59.95430
DECB:  -24:21:40.0000   +/- 00:00:29.9084
RAJ:    17:57:41.01549  +/- 00:00:59.95430
DECJ:  -24:21:56.8342   +/- 00:00:29.9084
l,b:      5.305    .017
P:       .234094343000000010  +/-   .000000012000000000
Pdot:   1.300000D-14  +/-    3.000000D-16
Pepoch: 44327.
DM:      178.0000  +/-     2.0000
w50:     28.80 ms    123.03 mP
s400:    20.00
s1400:    7.10
RM:      153.00  +/-   12.00
d,z:       3.50     .00   aa
model d:       3.50  (model 1)
L:       2.39
age:     5.46
Edot:   34.60
B:      12.25
