
PSR:    J1507-4352      B1504-43                             Scode:   4010
RAB:    15:04:14.01000  +/- 00:00:0 .02998
DECB:  -43:40:33.1000   +/- 00:00:0 .8003
RAJ:    15:07:34.18336  +/- 00:00:0 .02998
DECJ:  -43:52:03.2408   +/- 00:00:0 .8003
l,b:    327.339  12.459
P:       .286757045220000010  +/-   .000000000030000000
Pdot:   1.604500D-15  +/-    1.200000D-18
Pepoch: 43556.
DM:       48.7000  +/-      .5000
w50:      9.20 ms     32.08 mP
s400:    16.00
d,z:       1.79     .39   aa
model d:       1.79  (model 1)
L:       1.71
age:     6.45
Edot:   33.43
B:      11.84
