
PSR:    J1901+0331      B1859+03                             Scode:    316
RAB:    18:59:01.94100  +/- 00:00:0 .00400
DECB:  +03:26:45.7100   +/- 00:00:0 .1000
RAJ:    19:01:31.78276  +/- 00:00:0 .00400
DECJ:  +03:31:06.2525   +/- 00:00:0 .1000
l,b:     37.213   -.637
P:       .655449230939999960  +/-   .000000000030000000
Pdot:   7.481000D-15  +/-    2.000000D-18
Pepoch: 48464.
DM:      401.2500  +/-      .0200
w50:     75.20 ms    114.73 mP
s400:   165.00
s1400:    3.20
RM:     -237.40  +/-    1.50
log tau_s:    -2.91
dl,du:     5.40   16.80
d,z:       8.03    -.09   aa
model d:       8.03  (model 1)
L:       4.03
age:     6.14
Edot:   33.02
B:      12.35
