
PSR:    J1615-2940      B1612-29                             Scode:     10
RAB:    16:12:45.00000  +/- 00:00:01.99389
DECB:  -29:32:38.0000   +/- 00:00:44.9657
RAJ:    16:15:52.76172  +/- 00:00:01.99389
DECJ:  -29:40:03.9179   +/- 00:00:44.9657
l,b:    347.389  15.059
P:      2.477567322000000100  +/-   .000000019000000000
Pdot:   2.500000D-15  +/-    1.000000D-15
Pepoch: 44327.
DM:       40.0000  +/-     8.0000
w50:     25.70 ms     10.37 mP
s400:     3.10
RM:      -30.00  +/-   13.00
d,z:       1.66     .43   ab
model d:       1.66  (model 1)
L:        .93
age:     7.20
Edot:   30.81
B:      12.40
