
PSR:    J1748-1300      B1745-12                             Scode:     50
RAB:    17:45:28.20000  +/- 00:00:0 .04002
DECB:  -12:59:56.0000   +/- 00:00:02.0008
RAJ:    17:48:17.37237  +/- 00:00:0 .04002
DECJ:  -13:00:53.3396   +/- 00:00:02.0008
l,b:     14.016   7.656
P:       .394132704280000020  +/-   .000000000060000000
Pdot:   1.212000D-15  +/-    2.000000D-18
Pepoch: 43891.
DM:      100.0000  +/-      .3000
w50:     12.30 ms     31.21 mP
s400:    23.00
s1400:    2.00
RM:       67.00  +/-    7.00
d,z:       3.66     .49   ba
model d:       3.66  (model 1)
L:       2.49
age:     6.71
Edot:   32.89
B:      11.85
