
PSR:    J0358+5413      B0355+54           Type: G           Scode:    262
RAB:    03:55:0 .49000  +/- 00:00:0 .00400
DECB:  +54:04:41.0300   +/- 00:00:0 .0299
RAJ:    03:58:53.70486  +/- 00:00:0 .00400
DECJ:  +54:13:13.5840   +/- 00:00:0 .0299
Epoch:  46573.
PMRA:     5.000  +/-     4.000
PMDEC:    6.000  +/-     3.000
l,b:    148.190    .811
P:       .156381948968900010  +/-   .000000000001200000
Pdot:   4.397470D-15  +/-    7.000000D-20
Pepoch: 48382.
DM:       57.1400  +/-      .0600
w50:      3.90 ms     24.94 mP
s400:    46.00
s1400:   23.00
RM:       79.00  +/-    4.00
log tau_s:    -6.63
dl,du:      .70    3.10
d,z:       2.07     .03   aa
model d:       2.07  (model 1)
L:       2.30
age:     5.75
Edot:   34.66
B:      11.92
