
PSR:    J1036-4926      B                                    Scode:   4000
RAB:    10:34:13.30468  +/- 00:00:25.02680
DECB:  -49:10:25.5803   +/- 00:03:59.2672
RAJ:    10:36:19.00000  +/- 00:00:25.02680
DECJ:  -49:26:0 .0000   +/- 00:03:59.2672
l,b:    281.530   7.741
P:       .510367000000000020  +/-   .000003000000000000
DM:      135.0000  +/-     1.0000
w50:     16.00 ms     31.35 mP
s400:     9.00
d,z:       8.39    1.13   c 
model d:       8.39  (model 1)
