
PSR:    J1455-3330      B                  Type: BMR         Scode:   4000
RAB:    14:52:43.83006  +/- 00:00:0 .01000
DECB:  -33:18:40.1187   +/- 00:00:0 .2001
RAJ:    14:55:47.97000  +/- 00:00:0 .01000
DECJ:  -33:30:46.2000   +/- 00:00:0 .2001
l,b:    330.722  22.562
P:       .007987204793369999  +/-   .000000000000060000
DM:       13.5680  +/-      .0020
w50:       .80 ms    100.16 mP
s400:    13.00
d,z:        .74     .28   aa
model d:        .74  (model 1)
x:        32.3622200  +/-      .0000600
e:          .000167000  +/-      .000002000
T0:     48980.10000000  +/-       .20000000
Pb (s):   6581483.7120000  +/-          1.7280000
Pb (d):   76.174580000000  +/-      .000020000000
Om:      223.100000  +/-     .1000000
