
PSR:    J1741-3927      B1737-39                             Scode:   4010
RAB:    17:37:49.52000  +/- 00:00:0 .02998
DECB:  -39:26:08.6000   +/- 00:00:01.4005
RAJ:    17:41:18.03847  +/- 00:00:0 .02998
DECJ:  -39:27:37.8467   +/- 00:00:01.4005
l,b:    350.555  -4.749
P:       .512210060030000030  +/-   .000000000080000000
Pdot:   1.809000D-15  +/-    4.000000D-18
Pepoch: 43558.
DM:      158.5000  +/-      .6000
w50:     11.00 ms     21.48 mP
s400:    35.00
s1400:    3.50
log tau_s:  < -3.66
d,z:       4.75    -.39   cb
model d:       4.75  (model 1)
L:       2.90
age:     6.65
Edot:   32.73
B:      11.99
