
PSR:    J0943+1631      B0940+16                             Scode:     10
RAB:    09:40:44.97400  +/- 00:00:0 .00400
DECB:  +16:45:21.6500   +/- 00:00:0 .0600
RAJ:    09:43:30.04189  +/- 00:00:0 .00400
DECJ:  +16:31:35.4915   +/- 00:00:0 .0600
Epoch:  47555.
PMRA:    23.000  +/-    16.000
PMDEC:    9.000  +/-    11.000
l,b:    216.610  45.380
P:      1.087417725169999900  +/-   .000000000070000000
Pdot:   8.600000D-17  +/-    5.000000D-18
Pepoch: 48500.
DM:       20.0000  +/-      .3000
w50:     70.10 ms     64.46 mP
s400:     7.00
s1400:    1.40
RM:       53.00  +/-   12.00
d,z:       1.68    1.20   b 
model d:       1.68  (model 1)
L:       1.30
age:     8.30
Edot:   30.42
B:      11.49
