
PSR:    J0846-3533      B0844-35                             Scode:   4010
RAB:    08:44:07.87000  +/- 00:00:0 .14026
DECB:  -35:22:38.8000   +/- 00:00:01.4995
RAJ:    08:46:05.86261  +/- 00:00:0 .14026
DECJ:  -35:33:39.9327   +/- 00:00:01.4995
l,b:    257.189   4.710
P:      1.116096449600000100  +/-   .000000000700000000
Pdot:   1.570000D-15  +/-    3.000000D-17
Pepoch: 43557.
DM:       91.9000  +/-     1.2000
w50:     25.00 ms     22.40 mP
s400:    16.00
s1400:    4.00
RM:      144.00  +/-    8.00
d,z:       1.31     .11   dc
model d:       1.31  (model 1)
L:       1.44
age:     7.05
Edot:   31.65
B:      12.13
