
PSR:    J1842-0359      B1839-04                             Scode:    100
RAB:    18:39:48.10000  +/- 00:00:0 .09997
DECB:  -04:02:58.0000   +/- 00:00:02.9908
RAJ:    18:42:26.49144  +/- 00:00:0 .09997
DECJ:  -03:59:59.1614   +/- 00:00:02.9908
l,b:     28.347    .174
P:      1.839944207000000100  +/-   .000000000200000000
Pdot:   5.100000D-16  +/-    1.000000D-17
Pepoch: 47000.
DM:      196.0000  +/-    12.0000
w50:    262.00 ms    142.40 mP
s400:    18.70
s1400:    8.50
RM:      326.00  +/-    9.00
log tau_s:    -1.70
d,z:       4.15     .01   aa
model d:       4.15  (model 1)
L:       2.51
age:     7.76
Edot:   30.51
B:      11.99
