
PSR:    J1740-3015      B1737-30           Type: G           Scode:   5100
RAB:    17:37:21.17000  +/- 00:00:0 .09997
DECB:  -30:14:10.0000   +/- 00:00:01.4995
RAJ:    17:40:33.73104  +/- 00:00:0 .09997
DECJ:  -30:15:41.8784   +/- 00:00:01.4995
l,b:    358.295    .239
P:       .606678547200000030  +/-   .000000000500000000
Pdot:   4.653000D-13  +/-    1.000000D-16
Pepoch: 49553.
DM:      153.0000  +/-     1.0000
w50:     38.40 ms     63.30 mP
s400:    24.60
s1400:    6.00
RM:     -159.00  +/-    3.00
log tau_s:  < -2.68
d,z:       3.28     .01   aa
model d:       3.28  (model 1)
L:       2.42
age:     4.32
Edot:   34.92
B:      13.23
