
PSR:    J1543-0620      B1540-06                             Scode:   4050
RAB:    15:40:50.35400  +/- 00:00:0 .00800
DECB:  -06:11:18.3100   +/- 00:00:0 .0899
RAJ:    15:43:30.16986  +/- 00:00:0 .00800
DECJ:  -06:20:45.2926   +/- 00:00:0 .0899
Epoch:  46573.
PMRA:    32.000  +/-    35.000
PMDEC:  -56.000  +/-    20.000
l,b:       .566  36.608
P:       .709063990667999970  +/-   .000000000010000000
Pdot:   8.834000D-16  +/-    5.000000D-19
Pepoch: 48383.
DM:       18.4800  +/-      .0500
w50:      8.10 ms     11.42 mP
s400:    40.00
s1400:    2.00
RM:        4.00  +/-    4.00
log tau_s:    -8.04
d,z:       1.16     .69   ab
model d:       1.16  (model 1)
L:       1.73
age:     7.10
Edot:   31.99
B:      11.90
