
PSR:    J0855-3331      B0853-33                             Scode:   4010
RAB:    08:53:38.00000  +/- 00:00:01.99389
DECB:  -33:19:58.0000   +/- 00:00:44.9657
RAJ:    08:55:39.86195  +/- 00:00:01.99389
DECJ:  -33:31:29.8760   +/- 00:00:44.9657
l,b:    256.849   7.522
P:      1.267532670000000000  +/-   .000000020000000000
Pdot:   6.500000D-15  +/-    6.000000D-16
Pepoch: 44328.
DM:       87.7000  +/-      .4000
w50:     22.80 ms     17.99 mP
s400:     7.70
s1400:     .60
RM:      165.00  +/-   10.00
d,z:       1.27     .17   cc
model d:       1.27  (model 1)
L:       1.09
age:     6.49
Edot:   32.10
B:      12.46
