
PSR:    J0959-4809      B0957-47                             Scode:   4010
RAB:    09:57:30.08000  +/- 00:00:0 .08993
DECB:  -47:55:23.0000   +/- 00:00:0 .6992
RAJ:    09:59:26.26014  +/- 00:00:0 .08993
DECJ:  -48:09:47.5127   +/- 00:00:0 .6992
l,b:    275.742   5.418
P:       .670085760400000010  +/-   .000000000180000000
Pdot:   8.200000D-17  +/-    9.000000D-18
Pepoch: 43558.
DM:       92.7000  +/-     1.2000
w50:     98.00 ms    146.25 mP
s400:    16.00
d,z:       2.96     .28   ba
model d:       2.96  (model 1)
L:       2.15
age:     8.11
Edot:   31.03
B:      11.38
