
PSR:    J1848+0826      B                                    Scode:   2000
RAB:    18:46:19.67321  +/- 00:00:0 .01994
DECB:  +08:23:09.5754   +/- 00:00:0 .6992
RAJ:    18:48:43.77000  +/- 00:00:0 .01994
DECJ:  +08:26:35.9000   +/- 00:00:0 .6992
l,b:     40.155   4.437
P:       .328664726789999970  +/-   .000000000020000000
Pdot:   2.721000D-16  +/-    6.000000D-19
Pepoch: 49080.
DM:       90.7700  +/-      .0700
w50:     19.00 ms     57.81 mP
s400:     2.80
d,z:       3.37     .26   aa
model d:       3.37  (model 1)
L:       1.50
age:     7.28
Edot:   32.48
B:      11.48
