
PSR:    J0134-2937      B                                    Scode:   4000
RAB:    01:32:0 .32902  +/- 00:00:06.99925
DECB:  -29:52:20.4710   +/- 00:01:0 .0231
RAJ:    01:34:19.00000  +/- 00:00:06.99925
DECJ:  -29:36:60.0000   +/- 00:01:0 .0231
l,b:    230.222 -80.250
P:       .136962000000000000  +/-   .000001000000000000
DM:       22.0000  +/-     2.0000
w50:      6.60 ms     48.19 mP
s400:     9.00
s1400:    2.40
d,z:    >  1.78   -1.75   a 
model d:    >  1.78  (model 1)
