
PSR:    J1048-5832      B1046-58                             Scode:   1000
RAB:    10:46:13.20000  +/- 00:00:0 .19939
DECB:  -58:16:20.7000   +/- 00:00:0 .1200
RAJ:    10:48:13.05269  +/- 00:00:0 .19939
DECJ:  -58:32:12.6715   +/- 00:00:0 .1200
l,b:    287.427    .576
P:       .123652607270000010  +/-   .000000000020000000
Pdot:   9.592650D-14  +/-    8.000000D-19
Pepoch: 48658.
DM:      129.0990  +/-      .0100
w50:      7.00 ms     56.61 mP
s1400:    8.00
RM:     -155.00  +/-    5.00
log tau_s:  < -3.35
d,z:       2.98     .03   aa
model d:       2.98  (model 1)
L:       2.25
age:     4.31
Edot:   36.30
B:      12.54
