
PSR:    J1800-2343      B1757-23                             Scode:      0
RAB:    17:56:60.00000  +/- 00:04:0 .64227
DECB:  -23:42:60.0000   +/- 00:14:59.3146
RAJ:    18:00:03.11614  +/- 00:04:0 .64227
DECJ:  -23:43:06.4463   +/- 00:14:59.3146
l,b:      6.136   -.129
P:      1.030820000000000100  +/-   .000020000000000000
DM:      280.0000  +/-    40.0000
s400:     4.00
d,z:       4.38    -.01   aa
model d:       4.38  (model 1)
