
PSR:    J1837-0653      B1834-06                             Scode:    100
RAB:    18:34:32.90000  +/- 00:00:0 .09997
DECB:  -06:55:41.0000   +/- 00:00:06.9924
RAJ:    18:37:14.65944  +/- 00:00:0 .09997
DECJ:  -06:53:04.6866   +/- 00:00:06.9924
l,b:     25.191    .002
P:      1.905808540700000100  +/-   .000000000300000000
Pdot:   7.700000D-16  +/-    2.000000D-17
Pepoch: 47000.
DM:      316.1000  +/-     1.6000
w50:    116.40 ms     61.08 mP
s1400:    3.10
log tau_s:  < -1.44
d,z:       4.93     .00   aa
model d:       4.93  (model 1)
L:       2.56
age:     7.59
Edot:   30.64
B:      12.09
