
PSR:    J1034-3224      B                                    Scode:   4000
RAB:    10:31:49.87049  +/- 00:00:05.00536
DECB:  -32:08:29.2405   +/- 00:01:0 .0231
RAJ:    10:34:08.00000  +/- 00:00:05.00536
DECJ:  -32:23:60.0000   +/- 00:01:0 .0231
l,b:    272.009  22.101
P:      1.150570000000000100  +/-   .000040000000000000
DM:       48.0000  +/-     3.0000
w50:     29.00 ms     25.20 mP
s400:    41.00
s1400:    4.70
d,z:    >  4.68    1.76   b 
model d:    >  4.68  (model 1)
