
PSR:    J0924-5302      B0922-52                             Scode:   5010
RAB:    09:22:30.79000  +/- 00:00:0 .05005
DECB:  -52:49:47.2000   +/- 00:00:0 .4002
RAJ:    09:24:08.68501  +/- 00:00:0 .05005
DECJ:  -53:02:44.1597   +/- 00:00:0 .4002
l,b:    274.712  -1.930
P:       .746295209539999950  +/-   .000000000100000000
Pdot:   3.547700D-14  +/-    5.000000D-18
Pepoch: 43555.
DM:      152.9000  +/-      .5000
w50:     15.00 ms     20.10 mP
s400:    12.00
s1400:    1.00
d,z:       5.61    -.19   aa
model d:       5.61  (model 1)
L:       2.58
age:     5.52
Edot:   33.53
B:      12.72
