
PSR:    J1709-1640      B1706-16                             Scode:   4251
RAB:    17:06:33.22000  +/- 00:00:0 .00199
DECB:  -16:37:12.9000   +/- 00:00:0 .2991
RAJ:    17:09:26.45457  +/- 00:00:0 .00199
DECJ:  -16:40:58.3502   +/- 00:00:0 .2991
Epoch:  41331.
PMRA:    75.000  +/-    20.000
PMDEC:  147.000  +/-    50.000
l,b:      5.775  13.657
P:       .653054718981999960  +/-   .000000000007000000
Pdot:   6.308800D-15  +/-    4.000000D-19
Pepoch: 48367.
DM:       24.8800  +/-      .0200
w50:     10.80 ms     16.54 mP
s400:    47.00
s1400:    4.00
RM:       -1.30  +/-     .30
log tau_s:    -7.35
d,z:       1.27     .30   aa
model d:       1.27  (model 1)
L:       1.88
age:     6.22
Edot:   32.95
B:      12.31
