
PSR:    J1816-2649      B1813-26                             Scode:   4012
RAB:    18:13:27.95000  +/- 00:00:0 .02998
DECB:  -26:51:04.0000   +/- 00:00:04.0015
RAJ:    18:16:35.45182  +/- 00:00:0 .02998
DECJ:  -26:49:58.3390   +/- 00:00:04.0015
l,b:      5.218  -4.907
P:       .592885128398000010  +/-   .000000000014000000
Pdot:   6.650000D-17  +/-    7.000000D-19
Pepoch: 48382.
DM:      128.0300  +/-      .1200
w50:     52.50 ms     88.55 mP
s400:    18.00
RM:       90.00  +/-    5.00
d,z:       3.61    -.31   ab
model d:       3.61  (model 1)
L:       2.37
age:     8.15
Edot:   31.10
B:      11.30
