
PSR:    J2038+5319      B2036+53                             Scode:     40
RAB:    20:36:38.70000  +/- 00:00:0 .19939
DECB:  +53:08:37.0000   +/- 00:00:02.9908
RAJ:    20:38:03.31689  +/- 00:00:0 .19939
DECJ:  +53:19:12.2234   +/- 00:00:02.9908
l,b:     90.368   7.308
P:      1.424567909000000100  +/-   .000000001000000000
Pdot:   1.060000D-15  +/-    4.000000D-17
Pepoch: 46383.
DM:      158.0000  +/-     3.0000
w50:     23.70 ms     16.64 mP
s400:     3.10
s1400:     .30
d,z:    > 13.83    1.76   b 
model d:    > 13.83  (model 1)
L:       2.77
age:     7.33
Edot:   31.16
B:      12.10
