
PSR:    J1856+0113      B1853+01           Type: S           Scode:      0
RAB:    18:53:38.45000  +/- 00:00:0 .01000
DECB:  +01:09:22.7000   +/- 00:00:0 .2991
RAJ:    18:56:10.86939  +/- 00:00:0 .01000
DECJ:  +01:13:20.5035   +/- 00:00:0 .2991
l,b:     34.561   -.498
P:       .267398840729999980  +/-   .000000000030000000
Pdot:   2.084080D-13  +/-    3.000000D-18
Pepoch: 47517.
DM:       96.7000  +/-      .5000
w50:     14.40 ms     53.85 mP
s400:     3.40
s1400:    1.20
dl,du:     2.70    3.90
d,z:       3.30    -.03   aa
model d:       2.78  (model 1)
L:       1.57
age:     4.31
Edot:   35.63
B:      12.88
