
PSR:    J0459-0210      B                                    Scode:   4000
RAB:    04:56:58.71280  +/- 00:00:19.93893
DECB:  -02:14:26.8007   +/- 00:03:59.2672
RAJ:    04:59:30.00000  +/- 00:00:19.93893
DECJ:  -02:10:0 .0000   +/- 00:03:59.2672
l,b:    201.393 -25.757
P:      1.133100000000000000  +/-   .000020000000000000
DM:       14.0000  +/-     3.0000
w50:     25.00 ms     22.06 mP
s400:    11.00
s1400:     .50
d,z:        .79    -.34   ba
model d:        .79  (model 1)
