
PSR:    J1754+5201      B1753+52                             Scode:     40
RAB:    17:53:14.69000  +/- 00:00:0 .02998
DECB:  +52:01:39.9000   +/- 00:00:0 .4002
RAJ:    17:54:22.90378  +/- 00:00:0 .02998
DECJ:  +52:01:12.8501   +/- 00:00:0 .4002
l,b:     79.608  29.628
P:      2.391396309300000100  +/-   .000000000100000000
Pdot:   1.568000D-15  +/-    3.000000D-18
Pepoch: 46075.
DM:       35.3000  +/-      .8000
w50:     11.40 ms      4.77 mP
s400:     4.90
s1400:    1.60
d,z:    >  3.56    1.76   b 
model d:    >  3.56  (model 1)
L:       1.79
age:     7.38
Edot:   30.66
B:      12.29
