
PSR:    J1841-0425      B1838-04                             Scode:    100
RAB:    18:38:26.77000  +/- 00:00:0 .01000
DECB:  -04:28:12.4000   +/- 00:00:0 .4002
RAJ:    18:41:05.65302  +/- 00:00:0 .01000
DECJ:  -04:25:19.3786   +/- 00:00:0 .4002
l,b:     27.818    .280
P:       .186145156232000010  +/-   .000000000003000000
Pdot:   6.387000D-15  +/-    2.000000D-19
Pepoch: 47000.
DM:      324.0000  +/-     2.0000
s400:     2.60
s1400:    2.30
RM:      406.00  +/-    4.00
log tau_s:  < -2.26
d,z:       5.16     .03   aa
model d:       5.16  (model 1)
L:       1.84
age:     5.66
Edot:   34.59
B:      12.04
