
PSR:    J0006+1834      B                                    Scode: 410000
RAB:    00:03:30.56657  +/- 00:00:0 .19939
DECB:  +18:18:17.1468   +/- 00:00:04.0015
RAJ:    00:06:04.80000  +/- 00:00:0 .19939
DECJ:  +18:34:59.0000   +/- 00:00:04.0015
l,b:    108.172 -42.985
P:       .693747670469999970  +/-   .000000000140000000
Pdot:   2.097000D-15  +/-    1.200000D-17
Pepoch: 49080.
DM:       12.0000  +/-      .6000
w50:     82.00 ms    118.20 mP
s400:      .20
d,z:        .70    -.48   aa
model d:        .70  (model 1)
L:      -1.01
age:     6.72
Edot:   32.39
B:      12.09
