
PSR:    J1848-1414      B                                    Scode:   4000
RAB:    18:45:45.61136  +/- 00:00:25.02680
DECB:  -14:17:24.8460   +/- 00:04:59.0840
RAJ:    18:48:36.00000  +/- 00:00:25.02680
DECJ:  -14:14:0 .0000   +/- 00:04:59.0840
l,b:     19.902  -5.822
P:       .297771999999999980  +/-   .000002000000000000
DM:      134.0000  +/-     1.0000
w50:     14.00 ms     47.02 mP
s400:    13.00
d,z:       4.36    -.44   aa
model d:       4.36  (model 1)
