
PSR:    J1921+1948      B1918+19                             Scode:   2616
RAB:    19:18:52.60100  +/- 00:00:0 .00400
DECB:  +19:43:02.4500   +/- 00:00:0 .1099
RAJ:    19:21:03.80534  +/- 00:00:0 .00400
DECJ:  +19:48:45.0828   +/- 00:00:0 .1099
l,b:     53.869   2.672
P:       .821034603830000040  +/-   .000000000050000000
Pdot:   8.952000D-16  +/-    4.000000D-19
Pepoch: 42577.
DM:      154.4000  +/-      .2000
w50:     40.30 ms     49.08 mP
s400:    34.00
s1400:    1.70
RM:      160.00  +/-   20.00
d,z:       8.19     .38   aa
model d:       8.19  (model 1)
L:       3.36
age:     7.16
Edot:   31.81
B:      11.94
