
PSR:    J1926+0431      B1923+04                             Scode:     10
RAB:    19:23:55.56000  +/- 00:00:0 .04002
DECB:  +04:25:27.4000   +/- 00:00:01.0994
RAJ:    19:26:24.45357  +/- 00:00:0 .04002
DECJ:  +04:31:31.2911   +/- 00:00:01.0994
l,b:     40.980  -5.674
P:      1.074077147099999900  +/-   .000000000200000000
Pdot:   2.465000D-15  +/-    5.000000D-18
Pepoch: 43893.
DM:      101.8000  +/-      .8000
w50:     15.80 ms     14.71 mP
s400:    22.00
d,z:       3.94    -.39   aa
model d:       3.94  (model 1)
L:       2.53
age:     6.84
Edot:   31.90
B:      12.22
