
PSR:    J1808-0813      B                                    Scode:   4000
RAB:    18:05:19.58684  +/- 00:00:19.93893
DECB:  -08:13:29.2400   +/- 00:03:59.2672
RAJ:    18:08:03.00000  +/- 00:00:19.93893
DECJ:  -08:12:60.0000   +/- 00:03:59.2672
l,b:     20.622   5.774
P:       .876040000000000040  +/-   .000010000000000000
DM:      151.0000  +/-     2.0000
w50:     29.00 ms     33.10 mP
s400:    28.00
s1400:    2.00
d,z:       5.19     .52   ab
model d:       5.19  (model 1)
