
PSR:    J0908-1739      B0906-17                             Scode:   4050
RAB:    09:06:18.86000  +/- 00:00:0 .00600
DECB:  -17:27:26.4600   +/- 00:00:0 .1099
RAJ:    09:08:38.17477  +/- 00:00:0 .00600
DECJ:  -17:39:37.7682   +/- 00:00:0 .1099
Epoch:  48383.
PMRA:    27.000  +/-    11.000
PMDEC:  -40.000  +/-    11.000
l,b:    246.119  19.850
P:       .401625602961300010  +/-   .000000000001800000
Pdot:   6.695900D-16  +/-    1.000000D-19
Pepoch: 48383.
DM:       15.8900  +/-      .0200
w50:      9.50 ms     23.65 mP
s400:    16.00
s1400:    3.20
RM:      -36.00  +/-    6.00
log tau_s:    -7.69
d,z:        .63     .21   ab
model d:        .63  (model 1)
L:        .80
age:     6.98
Edot:   32.61
B:      11.72
