
PSR:    J1933+2422      B1931+24                             Scode:   2200
RAB:    19:30:60.00000  +/- 00:02:0 .04612
DECB:  +24:15:0 .0000   +/- 00:20:0 .4612
RAJ:    19:33:05.99481  +/- 00:02:0 .04612
DECJ:  +24:21:31.7646   +/- 00:20:0 .4612
l,b:     59.199   2.378
P:       .813679999999999960  +/-   .000020000000000000
DM:       89.0000  +/-    20.0000
w50:     25.90 ms     31.83 mP
s400:     7.50
d,z:       4.60     .19   ba
model d:       4.60  (model 1)
