
PSR:    J0415+6954      B0410+69                             Scode:     40
RAB:    04:10:39.22000  +/- 00:00:0 .00501
DECB:  +69:46:39.7400   +/- 00:00:0 .0499
RAJ:    04:15:55.58659  +/- 00:00:0 .00501
DECJ:  +69:54:09.6642   +/- 00:00:0 .0499
l,b:    138.912  13.667
P:       .390715065014000000  +/-   .000000000004000000
Pdot:   7.650000D-17  +/-    1.000000D-19
Pepoch: 46111.
DM:       27.2000  +/-      .1000
w50:      4.40 ms     11.26 mP
s400:     6.40
s1400:     .50
d,z:       1.56     .37   aa
model d:       1.56  (model 1)
L:       1.19
age:     7.91
Edot:   31.70
B:      11.24
