
PSR:    J1917+1353      B1915+13                             Scode:   2714
RAB:    19:15:21.58300  +/- 00:00:0 .00199
DECB:  +13:48:28.7000   +/- 00:00:0 .0899
RAJ:    19:17:39.78442  +/- 00:00:0 .00199
DECJ:  +13:53:57.0576   +/- 00:00:0 .0899
l,b:     48.260    .624
P:       .194630123871000010  +/-   .000000000000900000
Pdot:   7.198090D-15  +/-    6.000000D-20
Pepoch: 48382.
DM:       94.4940  +/-      .0080
w50:      4.50 ms     23.12 mP
s400:    43.00
s1400:    3.90
RM:      233.00  +/-    8.00
log tau_s:    -4.46
dl,du:     3.80    7.40
d,z:       4.07     .04   aa
model d:       4.07  (model 1)
L:       2.85
age:     5.63
Edot:   34.59
B:      12.08
