
PSR:    J1243-6423      B1240-64                             Scode:   5011
RAB:    12:40:18.27000  +/- 00:00:0 .01994
DECB:  -64:06:58.3700   +/- 00:00:0 .1299
RAJ:    12:43:17.15847  +/- 00:00:0 .01994
DECJ:  -64:23:23.8510   +/- 00:00:0 .1299
l,b:    302.051  -1.532
P:       .388480921041000020  +/-   .000000000005000000
Pdot:   4.500600D-15  +/-    2.000000D-19
Pepoch: 46800.
DM:      297.4000  +/-      .1000
w50:     10.00 ms     25.74 mP
s400:   110.00
s1400:   13.00
RM:      157.80  +/-     .40
dl,du:     2.60   12.20
d,z:      12.20    -.33   aa
model d:      13.25  (model 1)
L:       4.21
age:     6.14
Edot:   33.48
B:      12.13
