
PSR:    J1801-2920      B1758-29                             Scode:   1000
RAB:    17:58:35.51000  +/- 00:00:0 .02998
DECB:  -29:20:38.0000   +/- 00:00:02.9908
RAJ:    18:01:46.83375  +/- 00:00:0 .02998
DECJ:  -29:20:37.1880   +/- 00:00:02.9908
l,b:      1.437  -3.249
P:      1.081907856500000000  +/-   .000000000050000000
Pdot:   3.292000D-15  +/-    4.000000D-18
Pepoch: 48377.
DM:      126.2000  +/-      .2000
w50:     55.00 ms     50.84 mP
s1400:    2.80
RM:      -60.00  +/-   10.00
d,z:       3.27    -.19   aa
model d:       3.27  (model 1)
L:       2.47
age:     6.72
Edot:   32.01
B:      12.28
