
PSR:    J1327-6222      B1323-62                             Scode:   5010
RAB:    13:23:57.10000  +/- 00:00:0 .50054
DECB:  -62:07:10.0000   +/- 00:00:02.9908
RAJ:    13:27:17.20635  +/- 00:00:0 .50054
DECJ:  -62:22:43.0180   +/- 00:00:02.9908
l,b:    307.074    .205
P:       .529906294300000020  +/-   .000000000600000000
Pdot:   1.889000D-14  +/-    3.000000D-17
Pepoch: 43556.
DM:      318.4000  +/-      .9000
w50:     11.00 ms     20.76 mP
s400:   135.00
s1400:   12.00
log tau_s:    -2.44
dl,du:     3.40   12.40
d,z:       6.61     .02   aa
model d:       6.61  (model 1)
L:       3.77
age:     5.65
Edot:   33.70
B:      12.51
