
PSR:    J1707-4053      B1703-40                             Scode:   1000
RAB:    17:03:51.79700  +/- 00:00:0 .00600
DECB:  -40:49:59.7000   +/- 00:00:0 .2991
RAJ:    17:07:21.74358  +/- 00:00:0 .00600
DECJ:  -40:53:55.2799   +/- 00:00:0 .2991
l,b:    345.718   -.197
P:       .581016153877999990  +/-   .000000000004000000
Pdot:   1.919500D-15  +/-    2.000000D-19
Pepoch: 48361.
DM:      359.9900  +/-      .0900
w50:     32.00 ms     55.08 mP
s1400:    9.00
RM:     -207.00  +/-   25.00
log tau_s:    -1.64
d,z:       5.12    -.02   bb
model d:       5.12  (model 1)
L:       2.05
age:     6.68
Edot:   32.59
B:      12.03
