
PSR:    J2234+2114      B                                    Scode:  10000
RAB:    22:32:32.35181  +/- 00:00:0 .02998
DECB:  +20:58:46.8694   +/- 00:00:0 .4992
RAJ:    22:34:56.64000  +/- 00:00:0 .02998
DECJ:  +21:14:18.8000   +/- 00:00:0 .4992
l,b:     85.138 -31.435
P:      1.358745312690000000  +/-   .000000000050000000
Pdot:   2.220000D-16  +/-    5.000000D-18
Pepoch: 49080.
DM:       35.0800  +/-      .0900
w50:     43.00 ms     31.65 mP
s400:     2.60
d,z:    >  3.38   -1.76   a 
model d:    >  3.38  (model 1)
L:       1.47
age:     7.99
Edot:   30.54
B:      11.75
