
PSR:    J1701-4533      B1657-45                             Scode:   1000
RAB:    16:57:49.68500  +/- 00:00:0 .00600
DECB:  -45:29:27.9000   +/- 00:00:0 .2991
RAJ:    17:01:29.15369  +/- 00:00:0 .00600
DECJ:  -45:33:48.7093   +/- 00:00:0 .2991
l,b:    341.360  -2.177
P:       .322908566780999990  +/-   .000000000003000000
Pdot:   5.193000D-16  +/-    2.000000D-19
Pepoch: 48361.
DM:      526.0000  +/-     2.0000
w50:     19.00 ms     58.84 mP
s1400:    2.30
RM:       60.00  +/-   30.00
log tau_s:    -2.04
d,z:      17.34    -.66   c 
model d:      17.34  (model 1)
L:       3.34
age:     6.99
Edot:   32.79
B:      11.62
