
PSR:    J0034-0721      B0031-07                             Scode:   4001
RAB:    00:31:36.37000  +/- 00:00:0 .02998
DECB:  -07:38:25.3000   +/- 00:00:0 .6992
RAJ:    00:34:08.87583  +/- 00:00:0 .02998
DECJ:  -07:21:53.4214   +/- 00:00:0 .6992
l,b:    110.421 -69.816
P:       .942950784860000060  +/-   .000000000060000000
Pdot:   4.083000D-16  +/-    9.000000D-19
Pepoch: 40690.
DM:       10.8900  +/-      .0100
w50:     56.70 ms     60.13 mP
s400:    52.00
s1400:   11.00
RM:        9.80  +/-     .20
log tau_s:    -8.25
d,z:        .68    -.64   bb
model d:        .68  (model 1)
L:       1.38
age:     7.56
Edot:   31.28
B:      11.80
