
PSR:    J2313+4253      B2310+42                             Scode:     60
RAB:    23:10:47.65300  +/- 00:00:0 .00600
DECB:  +42:36:52.8000   +/- 00:00:0 .0299
RAJ:    23:13:08.57082  +/- 00:00:0 .00600
DECJ:  +42:53:12.9753   +/- 00:00:0 .0299
Epoch:  46573.
PMRA:   -41.000  +/-    30.000
PMDEC:   21.000  +/-    29.000
l,b:    104.410 -16.422
P:       .349433639750000020  +/-   .000000000020000000
Pdot:   1.155000D-16  +/-    8.000000D-19
Pepoch: 43891.
DM:       17.3000  +/-      .2000
w50:      8.80 ms     25.18 mP
s400:    89.00
s1400:   15.00
RM:        7.00  +/-    2.00
d,z:        .96    -.27   aa
model d:        .96  (model 1)
L:       1.91
age:     7.68
Edot:   32.03
B:      11.31
