
PSR:    J1910+0714      B                                    Scode:   2000
RAB:    19:07:52.88305  +/- 00:00:0 .01595
DECB:  +07:09:14.2460   +/- 00:00:0 .4992
RAJ:    19:10:18.59700  +/- 00:00:0 .01595
DECJ:  +07:14:11.8000   +/- 00:00:0 .4992
l,b:     41.520   -.870
P:      2.712422838400000200  +/-   .000000000300000000
Pdot:   6.122000D-15  +/-    1.500000D-17
Pepoch: 49080.
DM:      124.0600  +/-      .0500
w50:     46.00 ms     16.96 mP
s400:     5.40
d,z:       3.60    -.05   aa
model d:       3.60  (model 1)
L:       1.85
age:     6.85
Edot:   31.08
B:      12.62
