
PSR:    J1032-5910      B1030-58                             Scode:   4010
RAB:    10:30:15.00000  +/- 00:00:02.99772
DECB:  -58:54:60.0000   +/- 00:20:0 .4612
RAJ:    10:32:06.66903  +/- 00:00:02.99772
DECJ:  -59:10:27.8134   +/- 00:20:0 .4612
l,b:    285.911   -.987
P:       .464208010000000000  +/-   .000000008000000000
Pdot:   3.000000D-15  +/-    3.000000D-15
Pepoch: 44095.
DM:      419.0000  +/-     5.0000
w50:     58.00 ms    124.94 mP
s400:    14.00
s1400:     .70
log tau_s:  < -3.05
d,z:       7.31    -.13   bb
model d:       7.31  (model 1)
L:       2.87
age:     6.39
Edot:   33.07
B:      12.08
