
PSR:    J1947+10        B                                    Scode:  20000
RAB:    19:45:13.49059  +/- 00:00:15.95115
DECB:  +10:36:31.2386   +/- 00:04:59.0840
RAJ:    19:47:36.00000  +/- 00:00:15.95115
DECJ:  +10:44:0 .0000   +/- 00:04:59.0840
l,b:     48.995  -7.309
P:      1.110959000000000000  +/-   .000001000000000000
DM:      149.0000  +/-    30.0000
d,z:    > 13.83   -1.76   d 
model d:    > 13.83  (model 1)
