
PSR:    J1600-5751      B1556-57                             Scode:   5010
RAB:    15:56:14.75000  +/- 00:00:0 .04002
DECB:  -57:42:47.2000   +/- 00:00:0 .6002
RAJ:    16:00:19.93416  +/- 00:00:0 .04002
DECJ:  -57:51:14.7190   +/- 00:00:0 .6002
l,b:    325.971  -3.697
P:       .194454482246999990  +/-   .000000000008000000
Pdot:   2.125200D-15  +/-    4.000000D-19
Pepoch: 46800.
DM:      176.9000  +/-      .8000
w50:     15.00 ms     77.14 mP
s400:    20.00
s1400:    3.00
d,z:       5.34    -.34   ba
model d:       5.34  (model 1)
L:       2.76
age:     6.16
Edot:   34.06
B:      11.81
