
PSR:    J1115+5030      B1112+50                             Scode:     60
RAB:    11:12:48.42000  +/- 00:00:0 .01994
DECB:  +50:46:35.8000   +/- 00:00:0 .2991
RAJ:    11:15:38.34636  +/- 00:00:0 .01994
DECJ:  +50:30:13.5938   +/- 00:00:0 .2991
Epoch:  44240.
PMRA:    22.000  +/-     3.000
PMDEC:  -51.000  +/-     3.000
l,b:    154.407  60.364
P:      1.656438080330000100  +/-   .000000000020000000
Pdot:   2.492900D-15  +/-    2.000000D-19
Pepoch: 41536.
DM:        9.1600  +/-      .0300
w50:     16.60 ms     10.02 mP
s400:    12.00
s1400:    3.00
RM:        3.20  +/-     .50
log tau_s:    -7.90
d,z:        .54     .47   aa
model d:        .54  (model 1)
L:        .54
age:     7.02
Edot:   31.34
B:      12.31
