
PSR:    J0955-5304      B0953-52                             Scode:   4010
RAB:    09:53:41.78000  +/- 00:00:0 .01403
DECB:  -52:50:0 .9000   +/- 00:00:0 .2001
RAJ:    09:55:29.49635  +/- 00:00:0 .01403
DECJ:  -53:04:16.7189   +/- 00:00:0 .2001
l,b:    278.265   1.159
P:       .862117739330000020  +/-   .000000000050000000
Pdot:   3.517000D-15  +/-    3.000000D-18
Pepoch: 43556.
DM:      156.9000  +/-      .2000
w50:     11.00 ms     12.76 mP
s400:    29.00
s1400:    1.60
d,z:       4.86     .10   aa
model d:       4.86  (model 1)
L:       2.84
age:     6.59
Edot:   32.34
B:      12.25
