
PSR:    J1945-0040      B1942-00                             Scode:   4050
RAB:    19:42:53.82000  +/- 00:00:0 .01000
DECB:  -00:48:17.6000   +/- 00:00:0 .4992
RAJ:    19:45:28.36539  +/- 00:00:0 .01000
DECJ:  -00:40:57.5798   +/- 00:00:0 .4992
l,b:     38.565 -12.317
P:      1.045632359539999900  +/-   .000000000050000000
Pdot:   5.360000D-16  +/-    2.000000D-18
Pepoch: 46259.
DM:       58.1000  +/-      .5000
w50:     50.00 ms     47.82 mP
s400:     6.00
s1400:     .80
RM:      -45.00  +/-    7.00
d,z:       3.40    -.73   ab
model d:       3.40  (model 1)
L:       1.84
age:     7.49
Edot:   31.27
B:      11.88
