
PSR:    J1910+0358      B1907+03                             Scode:     10
RAB:    19:07:39.70000  +/- 00:00:0 .19939
DECB:  +03:53:30.0000   +/- 00:00:04.9916
RAJ:    19:10:09.07812  +/- 00:00:0 .19939
DECJ:  +03:58:26.7834   +/- 00:00:04.9916
l,b:     38.606  -2.339
P:      2.330260470999999900  +/-   .000000002000000000
Pdot:   4.530000D-15  +/-    5.000000D-17
Pepoch: 43984.
DM:       78.8000  +/-     1.0000
w50:     45.20 ms     19.40 mP
s400:    21.00
RM:     -127.00  +/-    7.00
d,z:       2.90    -.12   aa
model d:       2.90  (model 1)
L:       2.25
age:     6.91
Edot:   31.15
B:      12.52
