
PSR:    J1602-5100      B1558-50                             Scode:   5010
RAB:    15:58:33.89000  +/- 00:00:0 .08003
DECB:  -50:51:44.8000   +/- 00:00:01.8007
RAJ:    16:02:19.00987  +/- 00:00:0 .08003
DECJ:  -51:00:04.2020   +/- 00:00:01.8007
l,b:    330.689   1.285
P:       .864202078399999960  +/-   .000000000300000000
Pdot:   6.957200D-14  +/-    1.300000D-17
Pepoch: 43559.
DM:      169.5000  +/-      .8000
w50:     21.00 ms     24.30 mP
s400:    45.00
s1400:    6.00
RM:       71.50  +/-    1.10
log tau_s:  < -3.39
dl,du:     6.30   99.00
d,z:       6.30     .14   ba
model d:       3.78  (model 1)
L:       3.25
age:     5.29
Edot:   33.63
B:      12.90
