
PSR:    J1302-6350      B1259-63           Type: BI          Scode:   1000
RAB:    12:59:38.23000  +/- 00:00:0 .01994
DECB:  -63:34:02.1000   +/- 00:00:0 .1000
RAJ:    13:02:47.67608  +/- 00:00:0 .01994
DECJ:  -63:50:08.6348   +/- 00:00:0 .1000
l,b:    304.184   -.992
P:       .047762338159400002  +/-   .000000000001000000
Pdot:   2.275000D-15  +/-    3.000000D-19
Pepoch: 49500.
DM:      146.7200  +/-      .0300
w50:      6.00 ms    125.62 mP
s1400:    4.60
log tau_s:  < -3.38
d,z:       4.60    -.08   ba
model d:       4.60  (model 1)
L:       1.90
age:     5.52
Edot:   35.92
B:      11.52
x:      1296.5800000  +/-      .0020000
e:          .869931000  +/-      .000001000
T0:     48124.34480000  +/-       .00010000
Pb (s): 106852918.1760000  +/-          4.3200000
Pb (d): 1236.723590000000  +/-      .000050000000
Om:      138.672800  +/-     .0002000
