
PSR:    J1559-4438      B1556-44                             Scode:   4011
RAB:    15:56:11.03100  +/- 00:00:0 .00400
DECB:  -44:30:16.9000   +/- 00:00:0 .1000
RAJ:    15:59:41.50485  +/- 00:00:0 .00400
DECJ:  -44:38:45.7604   +/- 00:00:0 .1000
Epoch:  43570.
PMRA:   -11.000  +/-    17.000
PMDEC:   20.000  +/-    50.000
l,b:    334.540   6.367
P:       .257055723520999980  +/-   .000000000002000000
Pdot:   1.019550D-15  +/-    2.000000D-20
Pepoch: 42554.
DM:       58.8000  +/-      .5000
w50:      6.00 ms     23.34 mP
s400:   110.00
s1400:   40.00
RM:       -2.60  +/-     .30
d,z:       1.63     .18   aa
model d:       1.63  (model 1)
L:       2.47
age:     6.60
Edot:   33.38
B:      11.71
