
PSR:    J1156-5909      B                                    Scode:   4000
RAB:    11:54:07.47348  +/- 00:00:22.96415
DECB:  -58:52:18.0727   +/- 00:03:0 .0692
RAJ:    11:56:39.00000  +/- 00:00:22.96415
DECJ:  -59:09:0 .0000   +/- 00:03:0 .0692
l,b:    295.948   2.977
P:      1.037930000000000000  +/-   .000090000000000000
DM:      219.0000  +/-     3.0000
w50:     19.00 ms     18.31 mP
s400:    14.00
d,z:       8.76     .45   cc
model d:       8.76  (model 1)
