
PSR:    J2023+5037      B2022+50           Type: I           Scode:     40
RAB:    20:22:14.05800  +/- 00:00:0 .00501
DECB:  +50:27:49.4600   +/- 00:00:0 .0400
RAJ:    20:23:41.94162  +/- 00:00:0 .00501
DECJ:  +50:37:34.8063   +/- 00:00:0 .0400
l,b:     86.863   7.544
P:       .372618768231600010  +/-   .000000000001100000
Pdot:   2.511980D-15  +/-    1.100000D-19
Pepoch: 48591.
DM:       32.9700  +/-      .0300
w50:      4.70 ms     12.61 mP
s400:     6.50
s1400:    2.20
d,z:       1.80     .24   aa
model d:       1.80  (model 1)
L:       1.32
age:     6.37
Edot:   33.28
B:      11.99
