
PSR:    J0751+1807      B                  Type: BMR         Scode:      0
RAB:    07:48:15.90496  +/- 00:00:0 .00070
DECB:  +18:15:20.2836   +/- 00:00:0 .0499
RAJ:    07:51:09.15820  +/- 00:00:0 .00070
DECJ:  +18:07:38.7100   +/- 00:00:0 .0499
l,b:    202.730  21.086
P:       .003478770781510000  +/-   .000000000000010000
Pdot:   8.000000D-21  +/-    8.000000D-22
Pepoch: 49301.
DM:       30.2471  +/-      .0002
s400:    10.00
s1400:    1.00
d,z:       2.02     .73   aa
model d:       2.02  (model 1)
L:       1.61
age:     9.84
Edot:   33.88
B:       8.23
x:          .3966150  +/-      .0000020
e:          .000000000  +/-      .000100000
T0:     49301.03170950  +/-       .00000030
Pb (s):     22735.6647466  +/-           .0000346
Pb (d):     .263144267900  +/-      .000000000400
Om:      219.000000  +/-   47.0000000
