
PSR:    J0749-4247      B                                    Scode:   4000
RAB:    07:47:48.12618  +/- 00:00:25.02680
DECB:  -42:39:22.6042   +/- 00:03:59.2672
RAJ:    07:49:27.00000  +/- 00:00:25.02680
DECJ:  -42:47:0 .0000   +/- 00:03:59.2672
l,b:    257.022  -8.403
P:       .547718000000000040  +/-   .000005000000000000
DM:      104.0000  +/-     2.0000
w50:     25.00 ms     45.64 mP
s400:     8.00
s1400:     .60
d,z:       2.33    -.34   cb
model d:       2.33  (model 1)
