
PSR:    J1950+05        B                                    Scode:  20000
RAB:    19:48:29.96433  +/- 00:00:15.95115
DECB:  +05:27:18.3036   +/- 00:04:59.0840
RAJ:    19:50:58.00000  +/- 00:00:15.95115
DECJ:  +05:34:60.0000   +/- 00:04:59.0840
l,b:     44.858 -10.552
P:       .455934000000000010  +/-   .000001000000000000
DM:       71.0000  +/-    14.0000
d,z:       4.43    -.81   ab
model d:       4.43  (model 1)
