
PSR:    J1722-3207      B1718-32                             Scode:   5012
RAB:    17:18:47.89600  +/- 00:00:0 .00400
DECB:  -32:04:52.7000   +/- 00:00:0 .2991
RAJ:    17:22:02.95528  +/- 00:00:0 .00400
DECJ:  -32:07:44.8896   +/- 00:00:0 .2991
l,b:    354.561   2.525
P:       .477157433885800010  +/-   .000000000001800000
Pdot:   6.471400D-16  +/-    1.100000D-19
Pepoch: 48381.
DM:      126.0350  +/-      .0190
w50:     17.40 ms     36.47 mP
s400:    61.00
s1400:    3.70
RM:       90.00  +/-    7.00
d,z:       3.18     .14   aa
model d:       3.18  (model 1)
L:       2.79
age:     7.07
Edot:   32.37
B:      11.75
