
PSR:    J0653+8051      B0643+80                             Scode:     20
RAB:    06:43:53.51000  +/- 00:00:0 .02998
DECB:  +80:55:30.7000   +/- 00:00:0 .1000
RAJ:    06:53:14.86433  +/- 00:00:0 .02998
DECJ:  +80:51:59.8926   +/- 00:00:0 .1000
Epoch:  46460.
PMRA:    19.000  +/-     3.000
PMDEC:   -1.000  +/-     3.000
l,b:    133.178  26.828
P:      1.214439657390000000  +/-   .000000000020000000
Pdot:   3.800900D-15  +/-    4.000000D-19
Pepoch: 46111.
DM:       32.5000  +/-      .1000
w50:     13.90 ms     11.45 mP
s400:     6.50
s1400:     .40
RM:      -32.00  +/-    3.00
d,z:       3.02    1.36   c 
model d:       3.02  (model 1)
L:       1.77
age:     6.70
Edot:   31.92
B:      12.34
