
PSR:    J1257-1027      B1254-10                             Scode:   4040
RAB:    12:54:28.07000  +/- 00:00:0 .01000
DECB:  -10:10:52.8000   +/- 00:00:0 .4002
RAJ:    12:57:04.76641  +/- 00:00:0 .01000
DECJ:  -10:27:05.3796   +/- 00:00:0 .4002
l,b:    305.205  52.395
P:       .617307560845000050  +/-   .000000000007000000
Pdot:   3.625000D-16  +/-    2.000000D-19
Pepoch: 46184.
DM:       29.0000  +/-      .1000
w50:      6.00 ms      9.72 mP
s400:    12.00
s1400:    1.20
RM:        8.00  +/-   12.00
d,z:    >  2.22    1.76   a 
model d:    >  2.22  (model 1)
L:       1.77
age:     7.43
Edot:   31.78
B:      11.68
