
PSR:    J1955+5059      B1953+50                             Scode:     60
RAB:    19:53:57.35000  +/- 00:00:0 .05995
DECB:  +50:51:53.6000   +/- 00:00:0 .6002
RAJ:    19:55:18.89676  +/- 00:00:0 .05995
DECJ:  +50:59:54.2166   +/- 00:00:0 .6002
Epoch:  44240.
PMRA:   -23.000  +/-     5.000
PMDEC:   54.000  +/-     5.000
l,b:     84.793  11.552
P:       .518937412610000040  +/-   .000000000080000000
Pdot:   1.366000D-15  +/-    2.000000D-18
Pepoch: 43890.
DM:       31.8000  +/-      .3000
w50:      6.00 ms     11.56 mP
s400:    26.00
s1400:    4.00
RM:      -22.00  +/-    2.00
log tau_s:    -7.46
d,z:       1.78     .36   aa
model d:       1.78  (model 1)
L:       1.92
age:     6.78
Edot:   32.59
B:      11.93
