
PSR:    J1614+0737      B1612+07                             Scode: 100050
RAB:    16:12:15.28000  +/- 00:00:0 .04002
DECB:  +07:45:01.0000   +/- 00:00:01.0004
RAJ:    16:14:40.98348  +/- 00:00:0 .04002
DECJ:  +07:37:31.7711   +/- 00:00:01.0004
l,b:     20.633  38.163
P:      1.206800212000000100  +/-   .000000000200000000
Pdot:   2.357000D-15  +/-    6.000000D-18
Pepoch: 43891.
DM:       21.3000  +/-      .4000
w50:     11.90 ms      9.86 mP
s400:     9.60
s1400:     .60
RM:       40.00  +/-    4.00
log tau_s:    -7.77
d,z:       1.50     .93   bb
model d:       1.50  (model 1)
L:       1.33
age:     6.91
Edot:   31.72
B:      12.23
