
PSR:    J1932+1059      B1929+10           Type: I           Scode:  22417
RAB:    19:29:52.03800  +/- 00:00:0 .00199
DECB:  +10:53:04.2800   +/- 00:00:0 .0699
RAJ:    19:32:13.89951  +/- 00:00:0 .00199
DECJ:  +10:59:31.9939   +/- 00:00:0 .0699
Epoch:  48381.
PMRA:    99.000  +/-     6.000
PMDEC:   39.000  +/-     4.000
l,b:     47.381  -3.884
P:       .226517820862000010  +/-   .000000000002000000
Pdot:   1.156610D-15  +/-    1.200000D-19
Pepoch: 48381.
DM:        3.1760  +/-      .0030
w50:      5.60 ms     24.72 mP
s400:   303.00
s1400:   41.00
RM:       -6.10  +/-    1.00
log tau_s:    -8.75
dl,du:      .00    2.10
d,z:        .17    -.01   aa
model d:        .17  (model 1)
L:        .94
age:     6.49
Edot:   33.59
B:      11.71
