
PSR:    J1430-6623      B1426-66                             Scode:   4011
RAB:    14:26:35.29300  +/- 00:00:0 .01801
DECB:  -66:09:46.4000   +/- 00:00:0 .1401
RAJ:    14:30:40.87179  +/- 00:00:0 .01801
DECJ:  -66:23:05.0441   +/- 00:00:0 .1401
Epoch:  46916.
PMRA:   -31.000  +/-     5.000
PMDEC:  -21.000  +/-     3.000
l,b:    312.653  -5.404
P:       .785440757323999980  +/-   .000000000008000000
Pdot:   2.769500D-15  +/-    5.000000D-19
Pepoch: 46800.
DM:       65.3000  +/-      .1000
w50:     17.00 ms     21.64 mP
s400:   130.00
s1400:    6.00
RM:      -12.00  +/-    3.00
d,z:       1.80    -.17   aa
model d:       1.80  (model 1)
L:       2.62
age:     6.65
Edot:   32.35
B:      12.17
