
PSR:    J1818-1422      B1815-14                             Scode:   1100
RAB:    18:15:32.93000  +/- 00:00:0 .05005
DECB:  -14:23:50.0000   +/- 00:00:02.9908
RAJ:    18:18:23.78630  +/- 00:00:0 .05005
DECJ:  -14:22:35.8569   +/- 00:00:02.9908
l,b:     16.406    .610
P:       .291488209980000020  +/-   .000000000010000000
Pdot:   2.036800D-15  +/-    7.000000D-19
Pepoch: 47000.
DM:      625.0000  +/-     5.0000
w50:     16.30 ms     55.92 mP
s1400:    7.40
log tau_s:    -1.16
d,z:       8.14     .09   bb
model d:       8.14  (model 1)
L:       1.99
age:     6.36
Edot:   33.51
B:      11.89
