
PSR:    J1012+5307      B                  Type: BMR         Scode:      0
RAB:    10:09:18.69285  +/- 00:00:0 .00040
DECB:  +53:21:53.3870   +/- 00:00:0 .0100
RAJ:    10:12:33.43260  +/- 00:00:0 .00040
DECJ:  +53:07:02.6600   +/- 00:00:0 .0100
l,b:    160.347  50.858
P:       .005255749011980000  +/-   .000000000000020000
Pdot:   1.460000D-20  +/-    8.000000D-22
Pepoch: 49220.
DM:        9.0207  +/-      .0004
s400:    30.00
s1400:    2.80
d,z:        .52     .40   aa
model d:        .52  (model 1)
L:        .91
age:     9.76
Edot:   33.60
B:       8.45
x:          .5818160  +/-      .0000060
e:          .000000000  +/-      .000020000
T0:     49220.44749900  +/-       .00000100
Pb (s):     52243.7224032  +/-           .0004320
Pb (d):     .604672713000  +/-      .000000005000
Om:         .000000  +/-     .0000000
