
PSR:    J1012-2337      B1010-23                             Scode:     10
RAB:    10:10:10.00000  +/- 00:00:01.99389
DECB:  -23:23:02.0000   +/- 00:00:29.9084
RAJ:    10:12:30.49756  +/- 00:00:01.99389
DECJ:  -23:37:53.5848   +/- 00:00:29.9084
l,b:    262.115  26.376
P:      2.517944580000000000  +/-   .000000030000000000
Pdot:   1.400000D-15  +/-    1.200000D-15
Pepoch: 44328.
DM:       26.5000  +/-      .2000
w50:     41.60 ms     16.52 mP
s400:     4.10
RM:       52.00  +/-    9.00
d,z:       1.64     .73   bb
model d:       1.64  (model 1)
L:       1.04
age:     7.46
Edot:   30.54
B:      12.28
