
PSR:    J0828-3417      B0826-34           Type: I           Scode:   4010
RAB:    08:26:19.10000  +/- 00:00:0 .50054
DECB:  -34:07:08.0000   +/- 00:00:06.0023
RAJ:    08:28:16.51712  +/- 00:00:0 .50054
DECJ:  -34:17:08.6451   +/- 00:00:06.0023
l,b:    253.965   2.561
P:      1.848918399000000000  +/-   .000000005000000000
Pdot:   1.000000D-15  +/-    1.100000D-16
Pepoch: 43436.
DM:       47.0000  +/-     4.0000
w50:    740.00 ms    400.23 mP
s400:    16.00
RM:       59.00  +/-    3.00
d,z:        .52     .02   aa
model d:        .52  (model 1)
L:        .64
age:     7.47
Edot:   30.80
B:      12.14
