
PSR:    J1836-0436      B1834-04                             Scode:    100
RAB:    18:34:12.67000  +/- 00:00:0 .02998
DECB:  -04:39:12.0000   +/- 00:00:01.0004
RAJ:    18:36:51.78406  +/- 00:00:0 .02998
DECJ:  -04:36:37.2382   +/- 00:00:01.0004
l,b:     27.167   1.130
P:       .354236144510000020  +/-   .000000000010000000
Pdot:   1.660000D-15  +/-    1.000000D-18
Pepoch: 47000.
DM:      231.0000  +/-     3.0000
w50:     10.70 ms     30.21 mP
s1400:    1.40
log tau_s:    -2.48
d,z:       4.62     .09   aa
model d:       4.62  (model 1)
L:       2.41
age:     6.53
Edot:   33.17
B:      11.89
