
PSR:    J0754+3231      B0751+32                             Scode: 100020
RAB:    07:51:29.34000  +/- 00:00:0 .05005
DECB:  +32:39:51.1000   +/- 00:00:01.8007
RAJ:    07:54:40.73234  +/- 00:00:0 .05005
DECJ:  +32:31:56.4729   +/- 00:00:01.8007
Epoch:  48383.
PMRA:    -4.000  +/-     5.000
PMDEC:    7.000  +/-     3.000
l,b:    188.187  26.721
P:      1.442349447240000000  +/-   .000000000030000000
Pdot:   1.080200D-15  +/-    1.900000D-18
Pepoch: 48383.
DM:       40.0400  +/-      .1500
w50:     12.20 ms      8.46 mP
s400:     8.00
s1400:     .60
RM:       -7.00  +/-    5.00
d,z:    >  3.92    1.76   a 
model d:    >  3.92  (model 1)
L:       2.09
age:     7.33
Edot:   31.15
B:      12.10
