
PSR:    J1915+0738      B                                    Scode:   2000
RAB:    19:12:59.48067  +/- 00:00:0 .01994
DECB:  +07:33:12.6005   +/- 00:00:0 .8003
RAJ:    19:15:24.80000  +/- 00:00:0 .01994
DECJ:  +07:38:31.4000   +/- 00:00:0 .8003
l,b:     42.466  -1.803
P:      1.542704449420000000  +/-   .000000000100000000
Pdot:   3.306000D-15  +/-    3.000000D-18
Pepoch: 49080.
DM:       39.0000  +/-      .0800
w50:     12.00 ms      7.78 mP
s400:     1.90
d,z:       1.98    -.06   aa
model d:       1.98  (model 1)
L:        .87
age:     6.87
Edot:   31.55
B:      12.36
