
PSR:    J1741-0840      B1738-08                             Scode:   4250
RAB:    17:38:38.63000  +/- 00:00:0 .02998
DECB:  -08:39:05.4000   +/- 00:00:01.6006
RAJ:    17:41:22.53769  +/- 00:00:0 .02998
DECJ:  -08:40:32.6969   +/- 00:00:01.6006
l,b:     16.955  11.304
P:      2.043082400009999900  +/-   .000000000060000000
Pdot:   2.274000D-15  +/-    4.000000D-18
Pepoch: 48417.
DM:       74.9300  +/-      .1500
w50:     77.60 ms     37.98 mP
s400:    29.00
s1400:    1.40
RM:      124.00  +/-    6.00
log tau_s:    -5.93
d,z:       3.50     .69   bb
model d:       3.50  (model 1)
L:       2.55
age:     7.15
Edot:   31.02
B:      12.34
