
PSR:    J1607-0032      B1604-00                             Scode:   4211
RAB:    16:04:37.86300  +/- 00:00:0 .00199
DECB:  -00:24:41.6700   +/- 00:00:0 .0600
RAJ:    16:07:12.11724  +/- 00:00:0 .00199
DECJ:  -00:32:40.1781   +/- 00:00:0 .0600
Epoch:  42307.
PMRA:    -1.000  +/-    14.000
PMDEC:   -7.000  +/-     9.000
l,b:     10.716  35.466
P:       .421816271826599980  +/-   .000000000001900000
Pdot:   3.061000D-16  +/-    1.100000D-19
Pepoch: 48419.
DM:       10.6846  +/-      .0003
w50:     12.50 ms     29.63 mP
s400:    54.00
s1400:    5.00
RM:        6.50  +/-    1.00
log tau_s:    -8.32
d,z:        .59     .34   aa
model d:        .59  (model 1)
L:       1.27
age:     7.34
Edot:   32.21
B:      11.56
