
PSR:    J1623-4256      B1620-42                             Scode:     10
RAB:    16:20:18.10000  +/- 00:00:0 .01994
DECB:  -42:49:57.0000   +/- 00:00:06.0023
RAJ:    16:23:48.34486  +/- 00:00:0 .01994
DECJ:  -42:56:52.3685   +/- 00:00:06.0023
l,b:    338.890   4.620
P:       .364590355300000000  +/-   .000000000400000000
Pdot:   1.022000D-15  +/-    1.400000D-17
Pepoch: 43557.
DM:      295.0000  +/-     5.0000
w50:     12.00 ms     32.91 mP
s400:    24.00
s1400:    2.20
log tau_s:  < -3.15
d,z:    > 21.85    1.76   d 
model d:    > 21.85  (model 1)
L:       4.06
age:     6.75
Edot:   32.92
B:      11.79
