
PSR:    J1650-1654      B                                    Scode:   4000
RAB:    16:47:28.95646  +/- 00:00:25.02680
DECB:  -16:48:54.1709   +/- 00:04:59.0840
RAJ:    16:50:22.00000  +/- 00:00:25.02680
DECJ:  -16:53:60.0000   +/- 00:04:59.0840
l,b:      2.853  17.257
P:      1.749530000000000000  +/-   .000040000000000000
DM:       46.0000  +/-     5.0000
w50:     33.00 ms     18.86 mP
s400:    13.00
s1400:    1.60
d,z:       2.38     .71   bb
model d:       2.38  (model 1)
