
PSR:    J1651-4246      B1648-42                             Scode:   5010
RAB:    16:48:16.17000  +/- 00:00:0 .08003
DECB:  -42:41:10.0000   +/- 00:00:02.0008
RAJ:    16:51:48.79157  +/- 00:00:0 .08003
DECJ:  -42:46:11.1671   +/- 00:00:02.0008
l,b:    342.457    .923
P:       .844080665959999980  +/-   .000000000090000000
Pdot:   4.812000D-15  +/-    5.000000D-18
Pepoch: 46800.
DM:      525.0000  +/-     8.0000
w50:    110.00 ms    130.32 mP
s400:   100.00
s1400:   10.00
d,z:       7.21     .12   bb
model d:       7.21  (model 1)
L:       3.72
age:     6.44
Edot:   32.50
B:      12.31
