
PSR:    J2013+3845      B2011+38                             Scode:    200
RAB:    20:11:21.56000  +/- 00:00:0 .02998
DECB:  +38:36:38.0000   +/- 00:00:0 .2991
RAJ:    20:13:10.49372  +/- 00:00:0 .02998
DECJ:  +38:45:44.7668   +/- 00:00:0 .2991
l,b:     75.931   2.476
P:       .230190827369999990  +/-   .000000000020000000
Pdot:   8.854800D-15  +/-    4.000000D-19
Pepoch: 46075.
DM:      238.6000  +/-      .9000
w50:     22.70 ms     98.61 mP
s400:    26.00
s1400:    6.40
RM:       78.00  +/-    4.00
d,z:      13.09     .57   cc
model d:      13.09  (model 1)
L:       3.65
age:     5.62
Edot:   34.46
B:      12.16
