
PSR:    J1944-1750      B1941-17                             Scode:   4010
RAB:    19:41:12.00000  +/- 00:00:0 .09997
DECB:  -17:57:27.0000   +/- 00:00:06.9924
RAJ:    19:44:05.21244  +/- 00:00:0 .09997
DECJ:  -17:50:13.0322   +/- 00:00:06.9924
l,b:     22.314 -19.426
P:       .841157262299999990  +/-   .000000000100000000
Pdot:   9.800000D-16  +/-    3.000000D-18
Pepoch: 43893.
DM:       55.7000  +/-      .5000
w50:     19.10 ms     22.71 mP
s400:     7.50
s1400:     .20
RM:      -40.00  +/-   12.00
d,z:    >  5.30   -1.76   b 
model d:    >  5.30  (model 1)
L:       2.32
age:     7.13
Edot:   31.81
B:      11.96
