
PSR:    J0934-5249      B0932-52                             Scode:   5010
RAB:    09:32:46.85000  +/- 00:00:0 .05995
DECB:  -52:36:02.5000   +/- 00:00:0 .4992
RAJ:    09:34:28.31063  +/- 00:00:0 .05995
DECJ:  -52:49:27.1045   +/- 00:00:0 .4992
l,b:    275.690   -.700
P:      1.444771496400000000  +/-   .000000000300000000
Pdot:   4.653000D-15  +/-    1.100000D-17
Pepoch: 43558.
DM:       99.4000  +/-     1.1000
w50:     28.00 ms     19.38 mP
s400:    18.00
s1400:    2.00
d,z:       2.90    -.04   bb
model d:       2.90  (model 1)
L:       2.18
age:     6.69
Edot:   31.79
B:      12.42
