
PSR:    J1555-2341      B1552-23                             Scode:   4010
RAB:    15:52:34.49000  +/- 00:00:0 .05005
DECB:  -23:32:28.0000   +/- 00:00:02.9908
RAJ:    15:55:33.16333  +/- 00:00:0 .05005
DECJ:  -23:41:11.3507   +/- 00:00:02.9908
l,b:    348.441  22.500
P:       .532577650367999980  +/-   .000000000007000000
Pdot:   6.922000D-16  +/-    4.000000D-19
Pepoch: 48382.
DM:       51.9700  +/-      .0600
w50:     10.80 ms     20.28 mP
s400:     7.60
s1400:     .90
RM:      -22.00  +/-    8.00
d,z:    >  4.61    1.76   b 
model d:    >  4.61  (model 1)
L:       2.21
age:     7.09
Edot:   32.26
B:      11.79
