
PSR:    J1146-6030      B1143-60                             Scode:   5010
RAB:    11:43:41.70000  +/- 00:00:0 .04002
DECB:  -60:14:19.4000   +/- 00:00:0 .2991
RAJ:    11:46:07.73509  +/- 00:00:0 .04002
DECJ:  -60:30:59.3675   +/- 00:00:0 .2991
l,b:    294.977   1.343
P:       .273372429879999990  +/-   .000000000030000000
Pdot:   1.794100D-15  +/-    1.100000D-18
Pepoch: 43556.
DM:      112.8000  +/-      .7000
w50:     13.00 ms     47.55 mP
s400:    17.00
s1400:    7.00
RM:       30.00  +/-   20.00
d,z:       2.62     .06   aa
model d:       2.62  (model 1)
L:       2.07
age:     6.38
Edot:   33.54
B:      11.85
