
PSR:    J1825-1446      B1822-14                             Scode:   1100
RAB:    18:22:11.65000  +/- 00:00:0 .05995
DECB:  -14:48:33.0000   +/- 00:00:04.0015
RAJ:    18:25:02.96750  +/- 00:00:0 .05995
DECJ:  -14:46:49.8985   +/- 00:00:04.0015
l,b:     16.806  -1.001
P:       .279182015349999980  +/-   .000000000020000000
Pdot:   2.268500D-14  +/-    2.000000D-18
Pepoch: 47000.
DM:      354.0000  +/-     3.0000
w50:      9.70 ms     34.74 mP
s1400:    2.40
RM:     -899.00  +/-   10.00
log tau_s:  < -2.38
d,z:       5.42    -.09   bb
model d:       5.42  (model 1)
L:       1.50
age:     5.29
Edot:   34.61
B:      12.41
