
PSR:    J0624-0424      B0621-04                             Scode:   4050
RAB:    06:21:51.38000  +/- 00:00:0 .05995
DECB:  -04:23:10.8000   +/- 00:00:01.8007
RAJ:    06:24:20.03015  +/- 00:00:0 .05995
DECJ:  -04:24:51.6150   +/- 00:00:01.8007
l,b:    213.792  -8.036
P:      1.039076045899999900  +/-   .000000000200000000
Pdot:   8.460000D-16  +/-    8.000000D-18
Pepoch: 43889.
DM:       72.0000  +/-     1.5000
w50:     52.00 ms     50.04 mP
s400:     4.90
s1400:    2.00
RM:       42.00  +/-    7.00
d,z:       4.39    -.61   bb
model d:       4.39  (model 1)
L:       1.98
age:     7.29
Edot:   31.47
B:      11.98
