
PSR:    J1939+2450      B1937+24                             Scode:   2400
RAB:    19:37:08.00000  +/- 00:00:08.99315
DECB:  +24:42:60.0000   +/- 00:02:0 .0461
RAJ:    19:39:13.71772  +/- 00:00:08.99315
DECJ:  +24:49:56.2967   +/- 00:02:0 .0461
l,b:     60.291   1.392
P:       .645276999999999990  +/-   .000005000000000000
DM:      100.0000  +/-    10.0000
s400:     3.00
d,z:       5.10     .12   aa
model d:       5.10  (model 1)
