
PSR:    J1239-6832      B1236-68                             Scode:   4010
RAB:    12:36:57.00000  +/- 00:00:0 .19939
DECB:  -68:15:59.6000   +/- 00:00:01.0994
RAJ:    12:39:58.95923  +/- 00:00:0 .19939
DECJ:  -68:32:27.6568   +/- 00:00:01.0994
l,b:    301.879  -5.693
P:      1.301908113899999900  +/-   .000000000400000000
Pdot:   1.189200D-14  +/-    1.700000D-17
Pepoch: 43559.
DM:       96.0000  +/-     5.0000
w50:     24.00 ms     18.43 mP
s400:     6.50
d,z:       2.98    -.30   bb
model d:       2.98  (model 1)
L:       1.76
age:     6.24
Edot:   32.33
B:      12.60
