
PSR:    J0600-5756      B0559-57                             Scode:   4010
RAB:    05:59:59.40000  +/- 00:00:0 .29977
DECB:  -57:56:52.0000   +/- 00:00:02.9908
RAJ:    06:00:46.46313  +/- 00:00:0 .29977
DECJ:  -57:56:53.6705   +/- 00:00:02.9908
l,b:    266.492 -29.343
P:      2.261364513000000200  +/-   .000000003000000000
Pdot:   2.780000D-15  +/-    9.000000D-17
Pepoch: 43557.
DM:       30.0000  +/-     8.0000
w50:     60.00 ms     26.53 mP
s400:     2.10
d,z:       2.55   -1.25   b 
model d:       2.55  (model 1)
L:       1.14
age:     7.11
Edot:   30.98
B:      12.40
