
PSR:    J2317+1439      B                  Type: BMR         Scode:  10000
RAB:    23:14:38.77900  +/- 00:00:0 .00007
DECB:  +14:23:07.6448   +/- 00:00:0 .0020
RAJ:    23:17:09.23723  +/- 00:00:0 .00007
DECJ:  +14:39:31.2200   +/- 00:00:0 .0020
Epoch:  49300.
PMRA:    -1.700  +/-     1.500
PMDEC:    7.400  +/-     3.100
l,b:     91.361 -42.360
P:       .003445251071022500  +/-   .000000000000000200
Pdot:   2.420000D-21  +/-    2.000000D-23
Pepoch: 49300.
DM:       21.9070  +/-      .0030
w50:       .36 ms    104.49 mP
s400:    19.00
d,z:       1.89   -1.27   c 
model d:       1.89  (model 1)
L:       1.83
age:    10.35
Edot:   33.37
B:       7.97
x:         2.3139483  +/-      .0000009
e:          .000000500  +/-      .000000700
T0:     49300.47233690  +/-       .00000020
Pb (s):    212486.2384896  +/-           .0001728
Pb (d):    2.459331464000  +/-      .000000002000
Om:         .000000  +/-     .0000000
