
PSR:    J1735-0724      B1732-07                             Scode:   4050
RAB:    17:32:22.58700  +/- 00:00:0 .00300
DECB:  -07:22:57.7600   +/- 00:00:0 .1900
RAJ:    17:35:04.97206  +/- 00:00:0 .00300
DECJ:  -07:24:52.3754   +/- 00:00:0 .1900
l,b:     17.271  13.284
P:       .419334808115999990  +/-   .000000000001700000
Pdot:   1.214960D-15  +/-    9.000000D-20
Pepoch: 48381.
DM:       73.5400  +/-      .0200
w50:      7.40 ms     17.65 mP
s400:    18.00
s1400:    1.70
RM:       38.00  +/-    3.00
d,z:       4.33     .99   b 
model d:       4.33  (model 1)
L:       2.53
age:     6.74
Edot:   32.81
B:      11.86
