
PSR:    J1908+0734      B                                    Scode:   2000
RAB:    19:05:51.69833  +/- 00:00:0 .00300
DECB:  +07:29:25.2643   +/- 00:00:0 .1099
RAJ:    19:08:17.01000  +/- 00:00:0 .00300
DECJ:  +07:34:14.3600   +/- 00:00:0 .1099
l,b:     41.585   -.270
P:       .212352673319000010  +/-   .000000000002000000
Pdot:   8.245900D-16  +/-    6.000000D-20
Pepoch: 49080.
DM:       11.1040  +/-      .0110
w50:      4.00 ms     18.84 mP
s400:     3.50
d,z:        .58     .00   aa
model d:        .58  (model 1)
L:        .07
age:     6.61
Edot:   33.53
B:      11.63
