
PSR:    J2139+00        B                                    Scode:  20000
RAB:    21:37:08.56331  +/- 00:00:15.95115
DECB:  +00:22:23.0817   +/- 00:04:59.0840
RAJ:    21:39:42.00000  +/- 00:00:15.95115
DECJ:  +00:36:0 .0000   +/- 00:04:59.0840
l,b:     55.912 -36.261
P:       .312470000000000030  +/-   .000001000000000000
DM:       36.0000  +/-     7.0000
d,z:    >  2.97   -1.76   a 
model d:    >  2.97  (model 1)
