
PSR:    J2124-3358      B                  Type: MR          Scode:   4000
RAB:    21:21:41.52363  +/- 00:00:0 .00400
DECB:  -34:11:40.4917   +/- 00:00:0 .0800
RAJ:    21:24:43.86200  +/- 00:00:0 .00400
DECJ:  -33:58:43.9100   +/- 00:00:0 .0800
l,b:     10.926 -45.438
P:       .004931114857270000  +/-   .000000000000060000
DM:        4.4087  +/-      .0004
w50:       .50 ms    101.40 mP
s400:    20.00
s1400:    1.00
d,z:        .24    -.17   aa
model d:        .24  (model 1)
