
PSR:    J1801-0357      B1758-03                             Scode:   4200
RAB:    17:58:44.25200  +/- 00:00:0 .00501
DECB:  -03:57:54.6000   +/- 00:00:0 .2991
RAJ:    18:01:22.64888  +/- 00:00:0 .00501
DECJ:  -03:57:54.3500   +/- 00:00:0 .2991
l,b:     23.596   9.257
P:       .921489584670000080  +/-   .000000000040000000
Pdot:   3.316000D-15  +/-    1.000000D-18
Pepoch: 46117.
DM:      117.6000  +/-      .3000
w50:     11.40 ms     12.37 mP
s400:    17.00
s1400:     .70
d,z:       6.66    1.07   c 
model d:       6.66  (model 1)
L:       2.88
age:     6.64
Edot:   32.22
B:      12.25
