
PSR:    J1801-2451      B1757-24           Type: S           Scode:      0
RAB:    17:57:55.48300  +/- 00:00:0 .00700
DECB:  -24:51:24.8000   +/- 00:00:0 .1000
RAJ:    18:01:0 .19946  +/- 00:00:0 .00700
DECJ:  -24:51:27.1455   +/- 00:00:0 .1000
l,b:      5.255   -.883
P:       .124874452090000000  +/-   .000000000080000000
Pdot:   1.278980D-13  +/-    1.000000D-17
Pepoch: 47916.
f2:     3.200000D-22  +/-    4.000000D-23
DM:      289.0000  +/-     1.0000
s400:     7.80
s1400:     .70
d,z:       4.61    -.07   bb
model d:       4.61  (model 1)
L:       2.22
age:     4.19
Edot:   36.41
B:      12.61
