
PSR:    J2229+6205      B2227+61                             Scode:    220
RAB:    22:27:56.74000  +/- 00:00:0 .01994
DECB:  +61:50:12.0000   +/- 00:00:0 .1000
RAJ:    22:29:41.89879  +/- 00:00:0 .01994
DECJ:  +62:05:35.8452   +/- 00:00:0 .1000
l,b:    107.154   3.645
P:       .443053826812000010  +/-   .000000000009000000
Pdot:   2.253200D-15  +/-    3.000000D-19
Pepoch: 46072.
DM:      122.6000  +/-      .4000
w50:     25.80 ms     58.23 mP
s400:    17.00
s1400:     .80
d,z:       5.56     .35   bb
model d:       5.56  (model 1)
L:       2.72
age:     6.49
Edot:   33.01
B:      12.01
