
PSR:    J1401-6357      B1358-63                             Scode:   5010
RAB:    13:58:10.69000  +/- 00:00:0 .01994
DECB:  -63:43:17.7500   +/- 00:00:0 .1900
RAJ:    14:01:52.48064  +/- 00:00:0 .01994
DECJ:  -63:57:45.5387   +/- 00:00:0 .1900
l,b:    310.568  -2.140
P:       .842789632370000040  +/-   .000000000014000000
Pdot:   1.672580D-14  +/-    8.000000D-19
Pepoch: 46800.
DM:       98.0000  +/-      .5000
w50:     11.00 ms     13.05 mP
s400:    34.00
s1400:    4.00
RM:       62.00  +/-    4.00
d,z:       2.60    -.10   bb
model d:       2.60  (model 1)
L:       2.36
age:     5.90
Edot:   33.04
B:      12.58
