
PSR:    J1929+00        B                                    Scode:  20000
RAB:    19:26:54.64658  +/- 00:00:15.95115
DECB:  +00:19:43.8306   +/- 00:04:59.0840
RAJ:    19:29:28.00000  +/- 00:00:15.95115
DECJ:  +00:25:60.0000   +/- 00:04:59.0840
l,b:     37.687  -8.253
P:      1.166911999999999900  +/-   .000001000000000000
DM:       33.0000  +/-     7.0000
d,z:       1.74    -.25   aa
model d:       1.74  (model 1)
