
PSR:    J1823-3106      B1820-31                             Scode:   4010
RAB:    18:20:32.86100  +/- 00:00:0 .00199
DECB:  -31:08:26.5000   +/- 00:00:0 .2001
RAJ:    18:23:46.78264  +/- 00:00:0 .00199
DECJ:  -31:06:49.7442   +/- 00:00:0 .2001
l,b:      2.120  -8.273
P:       .284053912445999980  +/-   .000000000003000000
Pdot:   2.922940D-15  +/-    1.800000D-19
Pepoch: 48382.
DM:       50.2530  +/-      .0130
w50:      6.30 ms     22.18 mP
s400:    36.00
s1400:    2.50
RM:       95.00  +/-    5.00
d,z:       1.66    -.24   aa
model d:       1.66  (model 1)
L:       2.00
age:     6.19
Edot:   33.70
B:      11.97
