
PSR:    J1635+2418      B1633+24                             Scode:      0
RAB:    16:33:20.17900  +/- 00:00:0 .00400
DECB:  +24:24:53.5200   +/- 00:00:0 .0800
RAJ:    16:35:25.77715  +/- 00:00:0 .00400
DECJ:  +24:18:47.8024   +/- 00:00:0 .0800
l,b:     42.994  39.889
P:       .490506485353000010  +/-   .000000000006000000
Pdot:   1.194000D-16  +/-    2.000000D-19
Pepoch: 46075.
DM:       23.8000  +/-      .2000
w50:     17.40 ms     35.47 mP
s400:     9.10
s1400:     .40
RM:       31.00  +/-    5.00
d,z:       2.09    1.34   b 
model d:       2.09  (model 1)
L:       1.60
age:     7.81
Edot:   31.60
B:      11.39
