
PSR:    J2322+2057      B                  Type: IMR         Scode:  10000
RAB:    23:19:52.87550  +/- 00:00:0 .00007
DECB:  +20:40:35.2448   +/- 00:00:0 .0020
RAJ:    23:22:22.35598  +/- 00:00:0 .00007
DECJ:  +20:57:02.9390   +/- 00:00:0 .0020
Epoch:  48900.
PMRA:   -16.000  +/-     2.000
PMDEC:  -18.000  +/-     3.000
l,b:     96.515 -37.310
P:       .004808428209838200  +/-   .000000000000000300
Pdot:   9.740000D-21  +/-    4.000000D-23
Pepoch: 48900.
DM:       13.3766  +/-      .0003
w50:       .17 ms     35.35 mP
s400:     2.80
d,z:        .78    -.47   ba
model d:        .78  (model 1)
L:        .23
age:     9.89
Edot:   33.54
B:       8.34
