
PSR:    J1326-6700      B1322-66                             Scode:     10
RAB:    13:22:33.20000  +/- 00:00:0 .40015
DECB:  -66:45:16.0000   +/- 00:00:02.9908
RAJ:    13:26:03.24801  +/- 00:00:0 .40015
DECJ:  -67:00:51.1025   +/- 00:00:02.9908
l,b:    306.310  -4.370
P:       .543008579200000010  +/-   .000000000500000000
Pdot:   5.310000D-15  +/-    2.000000D-17
Pepoch: 43556.
DM:      211.0000  +/-     3.0000
w50:     60.00 ms    110.50 mP
s400:    28.00
d,z:       8.62    -.66   cc
model d:       8.62  (model 1)
L:       3.32
age:     6.21
Edot:   33.12
B:      12.24
