
PSR:    J2149+6329      B2148+63                             Scode:    262
RAB:    21:48:36.79000  +/- 00:00:0 .02998
DECB:  +63:15:40.0000   +/- 00:00:0 .2001
RAJ:    21:49:58.59409  +/- 00:00:0 .02998
DECJ:  +63:29:43.5303   +/- 00:00:0 .2001
Epoch:  44240.
PMRA:    14.000  +/-     3.000
PMDEC:   10.000  +/-     4.000
l,b:    104.254   7.413
P:       .380140344720000020  +/-   .000000000020000000
Pdot:   1.681000D-16  +/-    7.000000D-19
Pepoch: 43891.
DM:      128.0000  +/-     1.0000
w50:     18.10 ms     47.61 mP
s400:    32.00
s1400:    2.90
RM:     -160.00  +/-    7.00
d,z:    > 13.64    1.76   d 
model d:    > 13.64  (model 1)
L:       3.78
age:     7.55
Edot:   32.08
B:      11.41
