
PSR:    J0206-4028      B0203-40                             Scode:   4010
RAB:    02:03:57.19000  +/- 00:00:0 .00899
DECB:  -40:42:21.0700   +/- 00:00:0 .1401
RAJ:    02:06:01.26796  +/- 00:00:0 .00899
DECJ:  -40:28:04.3332   +/- 00:00:0 .1401
Epoch:  46902.
PMRA:   -10.000  +/-    25.000
PMDEC:   75.000  +/-    35.000
l,b:    258.595 -69.633
P:       .630550140847000010  +/-   .000000000006000000
Pdot:   1.199400D-15  +/-    5.000000D-19
Pepoch: 46800.
DM:       12.9000  +/-     1.2000
w50:      8.00 ms     12.69 mP
s400:    11.00
s1400:    1.00
RM:       -4.00  +/-    5.00
d,z:        .88    -.82   bb
model d:        .88  (model 1)
L:        .93
age:     6.92
Edot:   32.28
B:      11.94
