
PSR:    J0630-2834      B0628-28                             Scode:   4011
RAB:    06:28:51.82700  +/- 00:00:0 .00600
DECB:  -28:32:33.4600   +/- 00:00:0 .1000
RAJ:    06:30:49.53111  +/- 00:00:0 .00600
DECJ:  -28:34:43.5969   +/- 00:00:0 .1000
Epoch:  40585.
PMRA:    -5.000  +/-    18.000
PMDEC:  -17.000  +/-    26.000
l,b:    236.952 -16.758
P:      1.244417072599999900  +/-   .000000000200000000
Pdot:   7.107000D-15  +/-    8.000000D-18
Pepoch: 44124.
DM:       34.3600  +/-      .0800
w50:     58.20 ms     46.77 mP
s400:   206.00
s1400:   23.00
RM:       46.19  +/-     .09
log tau_s:    -7.89
d,z:       2.14    -.62   ba
model d:       2.14  (model 1)
L:       2.98
age:     6.44
Edot:   32.16
B:      12.48
