
PSR:    J1110-5637      B1107-56                             Scode:   5000
RAB:    11:07:48.94000  +/- 00:00:0 .01994
DECB:  -56:21:15.6000   +/- 00:00:0 .2001
RAJ:    11:10:0 .40165  +/- 00:00:0 .01994
DECJ:  -56:37:32.8865   +/- 00:00:0 .2001
l,b:    289.279   3.533
P:       .558252726400999990  +/-   .000000000007000000
Pdot:   2.064000D-15  +/-    5.000000D-19
Pepoch: 48339.
DM:      262.5600  +/-      .0600
w50:     21.00 ms     37.62 mP
s1400:    2.90
log tau_s:  < -2.87
d,z:       9.19     .57   cc
model d:       9.19  (model 1)
L:       3.13
age:     6.63
Edot:   32.67
B:      12.04
