
PSR:    J1537+1155      B1534+12           Type: BR          Scode: 200000
RAB:    15:34:47.68600  +/- 00:00:0 .00300
DECB:  +12:05:45.2300   +/- 00:00:0 .0299
RAJ:    15:37:09.95173  +/- 00:00:0 .00300
DECJ:  +11:55:56.1470   +/- 00:00:0 .0299
l,b:     19.848  48.342
P:       .037904440366500002  +/-   .000000000000400000
Pdot:   2.430000D-18  +/-    8.000000D-20
Pepoch: 48000.
DM:       11.6100  +/-      .0100
w50:       .70 ms     18.47 mP
s400:    36.00
d,z:        .68     .51   aa
model d:        .68  (model 1)
L:       1.22
age:     8.39
Edot:   33.25
B:       9.99
x:         3.7294680  +/-      .0000090
e:          .273677900  +/-      .000000600
T0:     48262.84349660  +/-       .00000020
Pb (s):     36351.7027027  +/-           .0000259
Pb (d):     .420737299800  +/-      .000000000300
Om:      264.972100  +/-     .0016000
Omd:       1.756000  +/-      .000300
