
PSR:    J1643-1224      B                  Type: BMR         Scode:   4000
RAB:    16:40:50.56752  +/- 00:00:0 .00199
DECB:  -12:19:25.1856   +/- 00:00:0 .2001
RAJ:    16:43:38.15100  +/- 00:00:0 .00199
DECJ:  -12:24:58.7000   +/- 00:00:0 .2001
l,b:      5.669  21.218
P:       .004621641444780000  +/-   .000000000000030000
Pdot:   3.300000D-20  +/-    1.000000D-20
Pepoch: 49200.
DM:       62.4040  +/-      .0020
w50:      1.30 ms    281.29 mP
s400:    75.00
s1400:    3.10
d,z:    >  4.86    1.76   a 
model d:    >  4.86  (model 1)
L:       3.25
age:     9.35
Edot:   34.12
B:       8.60
x:        25.0726000  +/-      .0000400
e:          .000506000  +/-      .000002000
T0:     49283.90000000  +/-       .90000000
Pb (s):  12702305.9520000  +/-          5.1840000
Pb (d):  147.017430000000  +/-      .000060000000
Om:      321.900000  +/-     .2000000
