
PSR:    J1328-4921      B1325-49                             Scode:   4010
RAB:    13:25:31.09000  +/- 00:00:0 .04002
DECB:  -49:06:02.7000   +/- 00:00:0 .6992
RAJ:    13:28:33.57849  +/- 00:00:0 .04002
DECJ:  -49:21:33.4337   +/- 00:00:0 .6992
l,b:    309.122  13.066
P:      1.478721355900000100  +/-   .000000000400000000
Pdot:   6.100000D-16  +/-    2.000000D-17
Pepoch: 43558.
DM:      118.0000  +/-     2.0000
w50:     20.00 ms     13.53 mP
s400:    11.00
d,z:    >  7.78    1.76   a 
model d:    >  7.78  (model 1)
L:       2.82
age:     7.58
Edot:   30.87
B:      11.98
