
PSR:    J1543+0929      B1541+09                             Scode:     10
RAB:    15:41:14.35400  +/- 00:00:0 .00600
DECB:  +09:38:42.8100   +/- 00:00:0 .1801
RAJ:    15:43:38.82641  +/- 00:00:0 .00600
DECJ:  +09:29:16.7811   +/- 00:00:0 .1801
Epoch:  42304.
PMRA:   -12.000  +/-     4.000
PMDEC:    3.000  +/-     3.000
l,b:     17.811  45.775
P:       .748448403647000050  +/-   .000000000014000000
Pdot:   4.327000D-16  +/-    9.000000D-19
Pepoch: 48382.
DM:       34.9900  +/-      .0200
w50:     46.20 ms     61.73 mP
s400:    78.00
s1400:    5.90
RM:       21.00  +/-    2.00
log tau_s:    -6.21
d,z:    >  2.46    1.76   a 
model d:    >  2.46  (model 1)
L:       2.67
age:     7.44
Edot:   31.61
B:      11.76
