
PSR:    J0942-5552      B0940-55                             Scode:   5011
RAB:    09:40:37.76000  +/- 00:00:0 .04002
DECB:  -55:39:10.7000   +/- 00:00:0 .2991
RAJ:    09:42:15.71555  +/- 00:00:0 .04002
DECJ:  -55:52:55.2149   +/- 00:00:0 .2991
l,b:    278.571  -2.231
P:       .664361124459999950  +/-   .000000000070000000
Pdot:   2.273900D-14  +/-    3.000000D-18
Pepoch: 43555.
DM:      180.2000  +/-      .5000
w50:     15.00 ms     22.58 mP
s400:    55.00
s1400:    6.00
RM:      -61.90  +/-     .20
d,z:       6.35    -.25   ba
model d:       6.35  (model 1)
L:       3.35
age:     5.67
Edot:   33.49
B:      12.60
