
PSR:    J1509+5531      B1508+55                             Scode:    260
RAB:    15:08:03.58300  +/- 00:00:0 .00899
DECB:  +55:42:54.0500   +/- 00:00:0 .0800
RAJ:    15:09:25.72371  +/- 00:00:0 .00899
DECJ:  +55:31:33.0114   +/- 00:00:0 .0800
Epoch:  48383.
PMRA:   -73.000  +/-     4.000
PMDEC:  -68.000  +/-     3.000
l,b:     91.326  52.287
P:       .739681265667999970  +/-   .000000000006000000
Pdot:   5.007800D-15  +/-    3.000000D-19
Pepoch: 48383.
DM:       19.5990  +/-      .0050
w50:     10.90 ms     14.74 mP
s400:   114.00
s1400:    8.00
RM:         .80  +/-     .70
log tau_s:    -6.98
d,z:       1.93    1.53   c 
model d:       1.93  (model 1)
L:       2.63
age:     6.37
Edot:   32.69
B:      12.29
