
PSR:    J2212+2933      B2210+29                             Scode:     40
RAB:    22:10:06.83000  +/- 00:00:0 .01000
DECB:  +29:18:14.5000   +/- 00:00:0 .1000
RAJ:    22:12:23.37706  +/- 00:00:0 .01000
DECJ:  +29:33:05.8948   +/- 00:00:0 .1000
l,b:     86.136 -21.731
P:      1.004592374500000100  +/-   .000000000020000000
Pdot:   4.948000D-16  +/-    6.000000D-19
Pepoch: 46075.
DM:       73.3000  +/-      .3000
w50:     51.20 ms     50.97 mP
s400:     6.30
s1400:     .90
d,z:    >  4.76   -1.76   a 
model d:    >  4.76  (model 1)
L:       2.16
age:     7.51
Edot:   31.29
B:      11.85
