
PSR:    J2053-7200      B2048-72                             Scode:   4010
RAB:    20:48:41.43000  +/- 00:00:0 .08993
DECB:  -72:12:02.6000   +/- 00:00:0 .4002
RAJ:    20:53:46.99773  +/- 00:00:0 .08993
DECJ:  -72:00:41.5768   +/- 00:00:0 .4002
l,b:    321.870 -34.998
P:       .341336161610000020  +/-   .000000000050000000
Pdot:   1.960000D-16  +/-    3.000000D-18
Pepoch: 43557.
DM:       18.1000  +/-     1.2000
w50:     28.00 ms     82.03 mP
s400:    29.00
s1400:    6.00
RM:       17.00  +/-    1.00
d,z:       1.11    -.64   aa
model d:       1.11  (model 1)
L:       1.55
age:     7.44
Edot:   32.29
B:      11.42
