
PSR:    J1954+2923      B1952+29                             Scode:    302
RAB:    19:52:21.84800  +/- 00:00:0 .00300
DECB:  +29:15:22.1800   +/- 00:00:0 .0499
RAJ:    19:54:22.58469  +/- 00:00:0 .00300
DECJ:  +29:23:17.9445   +/- 00:00:0 .0499
Epoch:  42434.
PMRA:    25.000  +/-    17.000
PMDEC:  -36.000  +/-    10.000
l,b:     65.925    .772
P:       .426676786488000000  +/-   .000000000003000000
Pdot:   1.640000D-18  +/-    1.900000D-19
Pepoch: 48415.
DM:        7.9100  +/-      .0200
w50:      6.00 ms     14.06 mP
s400:     6.60
s1400:    8.00
RM:      -18.00  +/-    3.00
log tau_s:    -8.17
d,z:        .42     .01   aa
model d:        .42  (model 1)
L:        .07
age:     9.62
Edot:   29.92
B:      10.43
