
PSR:    J1823+0550      B1821+05                             Scode:  20210
RAB:    18:21:04.01000  +/- 00:00:0 .02998
DECB:  +05:48:47.4000   +/- 00:00:0 .4992
RAJ:    18:23:30.98989  +/- 00:00:0 .02998
DECJ:  +05:50:24.7186   +/- 00:00:0 .4992
Epoch:  44240.
PMRA:     5.000  +/-    11.000
PMDEC:   -2.000  +/-     4.000
l,b:     34.987   8.859
P:       .752906448459999990  +/-   .000000000080000000
Pdot:   2.250000D-16  +/-    2.000000D-18
Pepoch: 43890.
DM:       67.2000  +/-      .3000
w50:     10.20 ms     13.55 mP
s400:    18.00
s1400:    1.70
RM:      145.00  +/-   10.00
log tau_s:    -6.62
dl,du:     1.10   99.00
d,z:       3.03     .47   aa
model d:       3.03  (model 1)
L:       2.22
age:     7.72
Edot:   31.32
B:      11.62
