
PSR:    J1623-2631      B1620-26           Type: BCMR        Scode:   4000
RAB:    16:20:34.17510  +/- 00:00:0 .00060
DECB:  -26:24:58.5600   +/- 00:00:0 .0699
RAJ:    16:23:38.22283  +/- 00:00:0 .00060
DECJ:  -26:31:53.7091   +/- 00:00:0 .0699
l,b:    350.976  15.960
P:       .011075750876439999  +/-   .000000000000011000
Pdot:   7.904000D-19  +/-    2.000000D-22
Pepoch: 48127.
f2:     1.873000D-23  +/-    9.000000D-26
DM:       62.8640  +/-      .0020
w50:      2.30 ms    207.66 mP
s400:    15.00
s1400:    1.10
dl,du:     1.60    2.00
d,z:       1.80     .49   aa
model d:       3.77  (model 1)
L:       1.69
age:     8.35
Edot:   34.36
B:       9.48
x:        64.8094760  +/-      .0000130
e:          .025314700  +/-      .000000500
T0:     49111.14830000  +/-       .00040000
Pb (s):  16540659.5616000  +/-           .1728000
Pb (d):  191.442819000000  +/-      .000002000000
Om:      117.129600  +/-     .0007000
Omd:        .000500  +/-      .001200
