
PSR:    J1941-2602      B1937-26                             Scode:   4010
RAB:    19:37:56.96000  +/- 00:00:0 .00800
DECB:  -26:09:07.3000   +/- 00:00:0 .4992
RAJ:    19:41:0 .41125  +/- 00:00:0 .00800
DECJ:  -26:02:05.8649   +/- 00:00:0 .4992
l,b:     13.901 -21.824
P:       .402857768944299980  +/-   .000000000001400000
Pdot:   9.560400D-16  +/-    7.000000D-20
Pepoch: 48382.
DM:       50.0390  +/-      .0190
w50:      4.10 ms     10.18 mP
s400:    13.00
s1400:    3.00
RM:      -41.00  +/-    4.00
d,z:    >  4.74   -1.76   c 
model d:    >  4.74  (model 1)
L:       2.47
age:     6.83
Edot:   32.76
B:      11.80
