
PSR:    J1834+10        B                                    Scode:  20000
RAB:    18:32:05.74133  +/- 00:00:15.95115
DECB:  +10:41:35.0217   +/- 00:04:59.0840
RAJ:    18:34:27.00000  +/- 00:00:15.95115
DECJ:  +10:44:0 .0000   +/- 00:04:59.0840
l,b:     40.638   8.608
P:      1.172719000000000100  +/-   .000001000000000000
DM:       62.0000  +/-    12.0000
d,z:       3.18     .48   aa
model d:       3.18  (model 1)
