
PSR:    J1812+0226      B1810+02                             Scode:    200
RAB:    18:10:22.28000  +/- 00:00:0 .01000
DECB:  +02:26:07.8000   +/- 00:00:0 .4992
RAJ:    18:12:53.19999  +/- 00:00:0 .01000
DECJ:  +02:26:58.6249   +/- 00:00:0 .4992
l,b:     30.709   9.692
P:       .793901610519999970  +/-   .000000000030000000
Pdot:   3.599700D-15  +/-    9.000000D-19
Pepoch: 46075.
DM:      101.6000  +/-      .7000
w50:     13.20 ms     16.63 mP
s400:     3.80
s1400:     .30
d,z:       5.80     .98   bb
model d:       5.80  (model 1)
L:       2.11
age:     6.54
Edot:   32.45
B:      12.23
