
PSR:    J1753-2502      B1750-24                             Scode:    100
RAB:    17:50:25.60000  +/- 00:00:0 .40015
DECB:  -25:00:60.0000   +/- 00:02:0 .0461
RAJ:    17:53:30.53038  +/- 00:00:0 .40015
DECJ:  -25:01:35.1154   +/- 00:02:0 .0461
l,b:      4.257    .503
P:       .528333223700000020  +/-   .000000000200000000
Pdot:   1.413000D-14  +/-    2.000000D-17
Pepoch: 47000.
DM:      676.0000  +/-    16.0000
w50:     52.60 ms     99.56 mP
s1400:    1.60
RM:       21.00  +/-   17.00
log tau_s:    -1.26
d,z:      10.24     .09   cb
model d:      10.24  (model 1)
L:       3.04
age:     5.77
Edot:   33.58
B:      12.44
