
PSR:    J1915+1647      B1913+167                            Scode:   2404
RAB:    19:13:04.43800  +/- 00:00:0 .00800
DECB:  +16:41:50.4000   +/- 00:00:0 .2991
RAJ:    19:15:19.14985  +/- 00:00:0 .00800
DECJ:  +16:47:09.2010   +/- 00:00:0 .2991
l,b:     50.553   2.468
P:      1.616231283889999900  +/-   .000000000030000000
Pdot:   4.080000D-16  +/-    3.000000D-18
Pepoch: 42840.
DM:       65.6000  +/-     2.4000
w50:     35.90 ms     22.21 mP
s400:     4.50
RM:      161.00  +/-   11.00
d,z:       3.31     .14   aa
model d:       3.31  (model 1)
L:       1.69
age:     7.80
Edot:   30.58
B:      11.92
