
PSR:    J1810-5338      B1806-53                             Scode:   4010
RAB:    18:06:39.98000  +/- 00:00:0 .05995
DECB:  -53:38:45.7000   +/- 00:00:01.2005
RAJ:    18:10:44.43279  +/- 00:00:0 .05995
DECJ:  -53:38:07.6525   +/- 00:00:01.2005
l,b:    340.292 -15.901
P:       .261049317960000030  +/-   .000000000070000000
Pdot:   3.830000D-16  +/-    4.000000D-18
Pepoch: 43558.
DM:       45.0000  +/-     2.0000
w50:      7.00 ms     26.81 mP
s400:    12.00
RM:       58.00  +/-    3.00
d,z:       2.00    -.55   ab
model d:       2.00  (model 1)
L:       1.68
age:     7.03
Edot:   32.93
B:      11.51
