
PSR:    J1703-1846      B1700-18                             Scode:   4011
RAB:    17:00:55.36000  +/- 00:00:0 .01994
DECB:  -18:42:06.0000   +/- 00:00:04.0015
RAJ:    17:03:51.07412  +/- 00:00:0 .01994
DECJ:  -18:46:15.2706   +/- 00:00:04.0015
l,b:      3.229  13.561
P:       .804340552330000010  +/-   .000000000050000000
Pdot:   1.730000D-15  +/-    2.000000D-18
Pepoch: 46382.
DM:       48.3000  +/-      .2000
w50:     11.40 ms     14.17 mP
s400:    11.00
s1400:     .70
RM:      -29.00  +/-    3.00
d,z:       1.98     .46   aa
model d:       1.98  (model 1)
L:       1.64
age:     6.87
Edot:   32.12
B:      12.08
