
PSR:    J1822-1400      B1820-14                             Scode:    100
RAB:    18:20:03.67000  +/- 00:00:0 .05995
DECB:  -14:01:38.0000   +/- 00:00:02.9908
RAJ:    18:22:54.03765  +/- 00:00:0 .05995
DECJ:  -14:00:04.2143   +/- 00:00:02.9908
l,b:     17.251   -.176
P:       .214770932120000010  +/-   .000000000010000000
Pdot:   9.080000D-16  +/-    6.000000D-19
Pepoch: 47000.
DM:      648.0000  +/-     6.0000
w50:      8.10 ms     37.71 mP
s1400:     .80
log tau_s:  < -2.38
d,z:       7.73    -.02   bb
model d:       7.73  (model 1)
L:       2.08
age:     6.57
Edot:   33.56
B:      11.65
