
PSR:    J1539-5626      B1535-56           Type: G           Scode:   1000
RAB:    15:35:18.65000  +/- 00:00:0 .01994
DECB:  -56:16:40.9000   +/- 00:00:0 .4002
RAJ:    15:39:13.96477  +/- 00:00:0 .01994
DECJ:  -56:26:25.4056   +/- 00:00:0 .4002
l,b:    324.621   -.806
P:       .243392200400000010  +/-   .000000000020000000
Pdot:   4.849300D-15  +/-    7.000000D-19
Pepoch: 48376.
DM:      176.5000  +/-      .2000
w50:     11.00 ms     45.19 mP
s1400:    6.00
RM:      -16.00  +/-    7.00
log tau_s:  < -2.47
d,z:       4.01    -.06   aa
model d:       4.01  (model 1)
L:       2.11
age:     5.90
Edot:   34.12
B:      12.04
