
PSR:    J1830-1059      B1828-10                             Scode:    100
RAB:    18:28:01.10000  +/- 00:00:0 .09997
DECB:  -11:01:19.0000   +/- 00:00:06.0023
RAJ:    18:30:47.75060  +/- 00:00:0 .09997
DECJ:  -10:59:10.7722   +/- 00:00:06.0023
l,b:     20.817   -.476
P:       .405029725269999970  +/-   .000000000040000000
Pdot:   6.003700D-14  +/-    3.000000D-18
Pepoch: 47000.
DM:      165.0000  +/-     5.0000
s400:     2.10
s1400:    1.00
RM:       47.00  +/-    5.00
d,z:       3.63    -.03   aa
model d:       3.63  (model 1)
L:       1.44
age:     5.03
Edot:   34.55
B:      12.70
