
PSR:    J0529-6655      B0529-66           Type: E           Scode:      0
RAB:    05:29:30.00000  +/- 00:00:59.95430
DECB:  -66:56:60.0000   +/- 00:08:0 .5970
RAJ:    05:29:28.28951  +/- 00:00:59.95430
DECJ:  -66:54:46.9673   +/- 00:08:0 .5970
l,b:    277.022 -32.795
P:       .975722690000000000  +/-   .000000080000000000
DM:      100.0000  +/-     5.0000
w50:     24.00 ms     24.60 mP
RM:        4.00  +/-    4.00
dl,du:    46.00   52.80
d,z:      49.40  -26.76   aa
model d:    >  3.26  (model 1)
