
PSR:    J1759-2922      B                                    Scode:   4000
RAB:    17:56:32.64403  +/- 00:00:14.02601
DECB:  -29:21:51.8604   +/- 00:03:0 .0692
RAJ:    17:59:44.00000  +/- 00:00:14.02601
DECJ:  -29:21:60.0000   +/- 00:03:0 .0692
l,b:      1.196  -2.872
P:       .574398999999999990  +/-   .000009000000000000
DM:       79.0000  +/-     1.0000
w50:     11.00 ms     19.15 mP
s400:    16.00
s1400:     .80
d,z:       1.91    -.10   aa
model d:       1.91  (model 1)
