
PSR:    J0151-0635      B0148-06                             Scode:   4010
RAB:    01:48:52.61000  +/- 00:00:0 .02998
DECB:  -06:49:51.7000   +/- 00:00:01.0994
RAJ:    01:51:22.74462  +/- 00:00:0 .02998
DECJ:  -06:35:03.0851   +/- 00:00:01.0994
Epoch:  46901.
PMRA:    15.000  +/-    47.000
PMDEC:  -30.000  +/-    34.000
l,b:    160.368 -65.004
P:      1.464664451650000000  +/-   .000000000040000000
Pdot:   4.440000D-16  +/-    3.000000D-18
Pepoch: 46800.
DM:       25.0000  +/-     3.0000
w50:     56.90 ms     38.85 mP
s400:    38.00
s1400:    1.30
RM:        2.00  +/-    4.00
d,z:    >  1.93   -1.75   a 
model d:    >  1.93  (model 1)
L:       2.15
age:     7.72
Edot:   30.75
B:      11.91
