
PSR:    J0849+8028      B0841+80                             Scode:     40
RAB:    08:41:24.80000  +/- 00:00:0 .29977
DECB:  +80:39:59.5000   +/- 00:00:0 .8993
RAJ:    08:49:0 .89902  +/- 00:00:0 .29977
DECJ:  +80:28:58.0210   +/- 00:00:0 .8993
l,b:    132.655  31.462
P:      1.602227824300000100  +/-   .000000000200000000
Pdot:   4.420000D-16  +/-    6.000000D-18
Pepoch: 46111.
DM:       34.0000  +/-     2.0000
s400:     1.50
d,z:    >  3.38    1.76   b 
model d:    >  3.38  (model 1)
L:       1.23
age:     7.76
Edot:   30.63
B:      11.93
