
PSR:    J1312-5516      B1309-55                             Scode:   4010
RAB:    13:09:50.67000  +/- 00:00:0 .14989
DECB:  -55:00:53.2000   +/- 00:00:01.4995
RAJ:    13:12:53.83068  +/- 00:00:0 .14989
DECJ:  -55:16:47.1378   +/- 00:00:01.4995
l,b:    306.011   7.464
P:       .849235684800000000  +/-   .000000000400000000
Pdot:   5.706000D-15  +/-    1.600000D-17
Pepoch: 43557.
DM:      134.1000  +/-     1.6000
w50:     23.00 ms     27.08 mP
s400:    16.00
RM:      141.00  +/-    3.00
d,z:       6.76     .88   bc
model d:       6.76  (model 1)
L:       2.86
age:     6.37
Edot:   32.57
B:      12.35
