
PSR:    J2004+3137      B2002+31                             Scode:    302
RAB:    20:02:53.70100  +/- 00:00:0 .00400
DECB:  +31:28:34.4800   +/- 00:00:0 .0899
RAJ:    20:04:52.30033  +/- 00:00:0 .00400
DECJ:  +31:37:10.1519   +/- 00:00:0 .0899
l,b:     69.011    .021
P:      2.111256082900000200  +/-   .000000000020000000
Pdot:   7.454110D-14  +/-    1.400000D-18
Pepoch: 48380.
DM:      234.6700  +/-      .0200
w50:     21.30 ms     10.09 mP
s400:    14.50
s1400:    1.80
RM:       30.00  +/-    6.00
log tau_s:    -4.18
dl,du:     6.30   12.70
d,z:       8.93     .00   aa
model d:       8.93  (model 1)
L:       3.06
age:     5.65
Edot:   32.50
B:      13.10
