
PSR:    J1559-5545      B1555-55                             Scode:   4010
RAB:    15:55:23.35000  +/- 00:00:0 .09997
DECB:  -55:37:09.0000   +/- 00:00:01.6006
RAJ:    15:59:21.33448  +/- 00:00:0 .09997
DECJ:  -55:45:39.9902   +/- 00:00:01.6006
l,b:    327.238  -2.024
P:       .957242442400000000  +/-   .000000000400000000
Pdot:   2.047900D-14  +/-    1.400000D-17
Pepoch: 43558.
DM:      211.0000  +/-     3.0000
w50:     19.00 ms     19.85 mP
s400:    15.00
s1400:    1.10
d,z:       5.04    -.18   aa
model d:       5.04  (model 1)
L:       2.58
age:     5.87
Edot:   32.97
B:      12.65
