
PSR:    J1949-2524      B1946-25                             Scode:   4010
RAB:    19:46:24.00000  +/- 00:00:01.99389
DECB:  -25:32:17.0000   +/- 00:00:44.9657
RAJ:    19:49:26.13145  +/- 00:00:01.99389
DECJ:  -25:24:42.3611   +/- 00:00:44.9657
l,b:     15.249 -23.387
P:       .957615458000000030  +/-   .000000005000000000
Pdot:   3.400000D-15  +/-    1.400000D-15
Pepoch: 43956.
DM:       22.8000  +/-      .4000
w50:     10.40 ms     10.86 mP
s400:     5.20
s1400:     .40
d,z:       1.32    -.52   ab
model d:       1.32  (model 1)
L:        .96
age:     6.65
Edot:   32.18
B:      12.26
