
PSR:    J2002+3217      B2000+32                             Scode:    100
RAB:    20:00:06.99000  +/- 00:00:0 .02998
DECB:  +32:08:52.9000   +/- 00:00:0 .2991
RAJ:    20:02:04.39895  +/- 00:00:0 .02998
DECJ:  +32:17:18.0800   +/- 00:00:0 .2991
l,b:     69.261    .879
P:       .696738328679999960  +/-   .000000000040000000
Pdot:   1.047750D-13  +/-    3.000000D-18
Pepoch: 47000.
DM:      142.0300  +/-      .1300
w50:     17.50 ms     25.12 mP
s400:     5.50
s1400:    1.20
log tau_s:  < -3.04
d,z:       6.67     .10   aa
model d:       6.67  (model 1)
L:       2.39
age:     5.02
Edot:   34.09
B:      12.94
