
PSR:    J2113+2754      B2110+27                             Scode: 100200
RAB:    21:10:54.21400  +/- 00:00:0 .00501
DECB:  +27:41:37.9900   +/- 00:00:0 .0699
RAJ:    21:13:04.41254  +/- 00:00:0 .00501
DECJ:  +27:54:02.6649   +/- 00:00:0 .0699
Epoch:  46430.
PMRA:   -23.000  +/-     2.000
PMDEC:  -54.000  +/-     3.000
l,b:     74.993 -14.025
P:      1.202851149870000100  +/-   .000000000010000000
Pdot:   2.622600D-15  +/-    4.000000D-19
Pepoch: 46075.
DM:       24.7000  +/-      .2000
w50:     13.00 ms     10.81 mP
s400:    18.00
s1400:    1.10
RM:      -65.00  +/-    8.00
log tau_s:    -7.56
d,z:       1.37    -.33   aa
model d:       1.37  (model 1)
L:       1.53
age:     6.86
Edot:   31.77
B:      12.26
