
PSR:    J1953+1149      B                                    Scode:   2000
RAB:    19:51:25.96787  +/- 00:00:0 .02998
DECB:  +11:41:49.7958   +/- 00:00:0 .4992
RAJ:    19:53:47.47000  +/- 00:00:0 .02998
DECJ:  +11:49:42.6000   +/- 00:00:0 .4992
l,b:     50.714  -8.083
P:       .851890276799999960  +/-   .000000000200000000
Pdot:   2.865000D-15  +/-    1.500000D-17
Pepoch: 49080.
DM:      140.0300  +/-      .0300
w50:     17.00 ms     19.96 mP
s400:     2.20
d,z:    > 12.51   -1.76   b 
model d:    > 12.51  (model 1)
L:       2.54
age:     6.67
Edot:   32.26
B:      12.20
