
PSR:    J1749-3002      B1746-30                             Scode:   1000
RAB:    17:46:01.14000  +/- 00:00:0 .01994
DECB:  -30:01:40.0000   +/- 00:00:02.9908
RAJ:    17:49:13.47585  +/- 00:00:0 .01994
DECJ:  -30:02:34.0984   +/- 00:00:02.9908
l,b:    359.459  -1.244
P:       .609872356590000050  +/-   .000000000030000000
Pdot:   7.871000D-15  +/-    2.000000D-18
Pepoch: 48379.
DM:      510.2000  +/-      .3000
w50:     60.00 ms     98.38 mP
s400:    12.70
s1400:    3.50
RM:     -313.00  +/-    7.00
log tau_s:    -2.19
d,z:       9.11    -.20   cb
model d:       9.11  (model 1)
L:       3.02
age:     6.09
Edot:   33.14
B:      12.35
