
PSR:    J0528+2200      B0525+21           Type: G           Scode:    220
RAB:    05:25:51.88000  +/- 00:00:0 .01994
DECB:  +21:57:38.0000   +/- 00:00:04.9916
RAJ:    05:28:52.33797  +/- 00:00:0 .01994
DECJ:  +22:00:0 .2080   +/- 00:00:04.9916
Epoch:  41994.
PMRA:   -20.000  +/-    19.000
PMDEC:    7.000  +/-     9.000
l,b:    183.857  -6.897
P:      3.745521340329999800  +/-   .000000000010000000
Pdot:   4.003210D-14  +/-    6.000000D-19
Pepoch: 49021.
DM:       50.8770  +/-      .0010
w50:    185.50 ms     49.53 mP
s400:    57.00
s1400:    9.00
RM:      -39.60  +/-     .20
log tau_s:    -6.54
d,z:       2.27    -.27   ab
model d:       2.27  (model 1)
L:       2.47
age:     6.17
Edot:   31.48
B:      13.09
