
PSR:    J0700+6418      B0655+64           Type: B           Scode:     60
RAB:    06:55:49.44900  +/- 00:00:0 .00199
DECB:  +64:22:23.1570   +/- 00:00:0 .0080
RAJ:    07:00:37.80415  +/- 00:00:0 .00199
DECJ:  +64:18:11.2855   +/- 00:00:0 .0080
Epoch:  46000.
PMRA:     1.000  +/-    35.000
PMDEC:  -14.000  +/-    29.000
l,b:    151.551  25.237
P:       .195670945004100010  +/-   .000000000000800000
Pdot:   6.900000D-19  +/-    2.000000D-20
Pepoch: 46066.
DM:        8.7740  +/-      .0030
w50:      6.00 ms     30.66 mP
s400:     5.00
s1400:     .30
RM:       -7.00  +/-    6.00
d,z:        .48     .20   aa
model d:        .48  (model 1)
L:        .06
age:     9.65
Edot:   30.56
B:      10.07
x:         4.1256120  +/-      .0000050
e:          .000007500  +/-      .000001100
T0:     46066.77000000  +/-       .03000000
Pb (s):     88877.0623392  +/-           .0000864
Pb (d):    1.028669703000  +/-      .000000001000
Om:      276.000000  +/-    9.0000000
