
PSR:    J0612+3721      B0609+37                             Scode:    200
RAB:    06:09:23.93100  +/- 00:00:0 .00300
DECB:  +37:22:25.5000   +/- 00:00:0 .1000
RAJ:    06:12:48.65439  +/- 00:00:0 .00300
DECJ:  +37:21:36.9640   +/- 00:00:0 .1000
l,b:    175.450   9.093
P:       .297982308320000000  +/-   .000000000003000000
Pdot:   5.890000D-17  +/-    1.000000D-19
Pepoch: 46111.
DM:       26.7000  +/-      .1000
w50:      5.30 ms     17.79 mP
s400:    16.00
s1400:    4.00
d,z:       1.47     .23   aa
model d:       1.47  (model 1)
L:       1.54
age:     7.90
Edot:   31.94
B:      11.13
