
PSR:    J1705-1906      B1702-19           Type: I           Scode:   4010
RAB:    17:02:39.92000  +/- 00:00:0 .00600
DECB:  -19:02:36.6000   +/- 00:00:0 .6992
RAJ:    17:05:36.10763  +/- 00:00:0 .00600
DECJ:  -19:06:38.4613   +/- 00:00:0 .6992
l,b:      3.189  13.026
P:       .298987283666899970  +/-   .000000000001000000
Pdot:   4.138280D-15  +/-    6.000000D-20
Pepoch: 48331.
DM:       22.9200  +/-      .0140
w50:      7.30 ms     24.42 mP
s400:    29.00
s1400:    8.00
RM:       -9.00  +/-    4.00
d,z:       1.18     .27   aa
model d:       1.18  (model 1)
L:       1.61
age:     6.06
Edot:   33.79
B:      12.05
