
PSR:    J1812-1733      B1809-176                            Scode:    100
RAB:    18:09:21.20000  +/- 00:00:0 .19939
DECB:  -17:34:09.0000   +/- 00:00:21.0390
RAJ:    18:12:16.08731  +/- 00:00:0 .19939
DECJ:  -17:33:21.7495   +/- 00:00:21.0390
l,b:     12.909    .388
P:       .538340264899999980  +/-   .000000000200000000
Pdot:   9.720000D-16  +/-    8.000000D-18
Pepoch: 47000.
DM:      535.0000  +/-    20.0000
s1400:    2.00
log tau_s:    -1.23
d,z:       6.50     .04   bb
model d:       6.50  (model 1)
L:       2.74
age:     6.94
Edot:   32.39
B:      11.87
