
PSR:    J1240-4124      B1237-41                             Scode:     10
RAB:    12:37:33.93000  +/- 00:00:0 .04002
DECB:  -41:08:24.0000   +/- 00:00:0 .6992
RAJ:    12:40:17.60891  +/- 00:00:0 .04002
DECJ:  -41:24:51.7159   +/- 00:00:0 .6992
l,b:    300.688  21.409
P:       .512242093180000020  +/-   .000000000110000000
Pdot:   1.739000D-15  +/-    7.000000D-18
Pepoch: 43565.
DM:       44.1000  +/-     1.2000
w50:     10.00 ms     19.52 mP
s400:     3.50
d,z:       3.59    1.31   b 
model d:       3.59  (model 1)
L:       1.65
age:     6.67
Edot:   32.71
B:      11.98
