
PSR:    J0909-7212      B0909-71                             Scode:     10
RAB:    09:09:22.32000  +/- 00:00:0 .18014
DECB:  -71:59:51.1000   +/- 00:00:0 .6002
RAJ:    09:09:36.00018  +/- 00:00:0 .18014
DECJ:  -72:12:08.4434   +/- 00:00:0 .6002
l,b:    287.728 -16.256
P:      1.362889954199999900  +/-   .000000000500000000
Pdot:   3.330000D-16  +/-    1.700000D-17
Pepoch: 43558.
DM:       54.3000  +/-     1.6000
w50:     17.00 ms     12.47 mP
s400:     6.50
RM:      -18.00  +/-    4.00
d,z:       3.99   -1.12   b 
model d:       3.99  (model 1)
L:       2.02
age:     7.81
Edot:   30.72
B:      11.83
