
PSR:    J0156+3949      B0153+39                             Scode:     40
RAB:    01:53:54.30000  +/- 00:00:0 .19939
DECB:  +39:34:52.0000   +/- 00:00:04.0015
RAJ:    01:56:54.83355  +/- 00:00:0 .19939
DECJ:  +39:49:29.7138   +/- 00:00:04.0015
l,b:    136.368 -21.332
P:      1.811560563000000000  +/-   .000000001000000000
Pdot:   1.800000D-16  +/-    5.000000D-17
Pepoch: 46110.
DM:       59.0000  +/-     6.0000
s400:     4.00
d,z:    >  4.85   -1.76   a 
model d:    >  4.85  (model 1)
L:       1.97
age:     8.20
Edot:   30.08
B:      11.76
