
PSR:    J1849-0636      B1846-06                             Scode:    212
RAB:    18:46:26.00000  +/- 00:00:01.99389
DECB:  -06:40:26.0000   +/- 00:00:29.9084
RAJ:    18:49:07.37933  +/- 00:00:01.99389
DECJ:  -06:36:58.5887   +/- 00:00:29.9084
l,b:     26.777  -2.499
P:      1.451292579000000000  +/-   .000000016000000000
Pdot:   4.570000D-14  +/-    5.000000D-16
Pepoch: 42005.
DM:      147.6000  +/-      .6000
w50:     22.30 ms     15.37 mP
s400:    26.00
s1400:    1.60
d,z:       3.66    -.16   aa
model d:       3.66  (model 1)
L:       2.54
age:     5.70
Edot:   32.77
B:      12.92
