
PSR:    J1952+3252      B1951+32           Type: GHS         Scode:   2000
RAB:    19:51:02.56400  +/- 00:00:0 .00899
DECB:  +32:44:50.0000   +/- 00:00:0 .1601
RAJ:    19:52:58.29841  +/- 00:00:0 .00899
DECJ:  +32:52:40.4836   +/- 00:00:0 .1601
l,b:     68.765   2.823
P:       .039529759159999997  +/-   .000000000050000000
Pdot:   5.837400D-15  +/-    7.000000D-19
Pepoch: 47005.
DM:       44.9750  +/-      .0180
w50:      4.70 ms    118.90 mP
s400:     7.00
s1400:    1.00
log tau_s:    -6.01
dl,du:     1.00    4.00
d,z:       2.50     .12   ba
model d:       2.37  (model 1)
L:       1.64
age:     5.03
Edot:   36.57
B:      11.69
