
PSR:    J1852+0031      B1849+00                             Scode:    100
RAB:    18:49:54.40000  +/- 00:00:0 .89931
DECB:  +00:28:14.0000   +/- 00:00:24.9580
RAJ:    18:52:27.59639  +/- 00:00:0 .89931
DECJ:  +00:31:55.9407   +/- 00:00:24.9580
l,b:     33.522    .015
P:      2.180173287000000100  +/-   .000000002000000000
Pdot:   9.700000D-14  +/-    2.000000D-16
Pepoch: 47000.
DM:      680.0000  +/-    60.0000
w50:    192.50 ms     88.30 mP
s1400:    5.20
log tau_s:     -.82
dl,du:     5.90   17.50
d,z:       8.40     .00   aa
model d:       8.40  (model 1)
L:       3.38
age:     5.55
Edot:   32.57
B:      13.17
