
PSR:    J1801-2306      B1758-23           Type: GS          Scode:   1100
RAB:    17:58:17.59000  +/- 00:00:0 .05995
DECB:  -23:06:16.0000   +/- 00:01:40.0384
RAJ:    18:01:19.85837  +/- 00:00:0 .05995
DECJ:  -23:06:16.8239   +/- 00:01:40.0384
l,b:      6.815   -.079
P:       .415775512879999980  +/-   .000000000020000000
Pdot:   1.129830D-13  +/-    3.000000D-18
Pepoch: 48658.
DM:     1074.0000  +/-     6.0000
w50:     58.00 ms    139.50 mP
s1400:    5.70
log tau_s:     -.55
d,z:      13.51    -.02   bc
model d:      13.51  (model 1)
L:       3.83
age:     4.77
Edot:   34.79
B:      12.84
