
PSR:    J1720-0212      B1718-02                             Scode:   4050
RAB:    17:18:20.95000  +/- 00:00:0 .04002
DECB:  -02:09:27.7000   +/- 00:00:01.2005
RAJ:    17:20:57.22155  +/- 00:00:0 .04002
DECJ:  -02:12:23.2201   +/- 00:00:01.2005
Epoch:  44240.
PMRA:    26.000  +/-     9.000
PMDEC:  -13.000  +/-     6.000
l,b:     20.134  18.936
P:       .477715303930000000  +/-   .000000000070000000
Pdot:   8.700000D-17  +/-    2.000000D-18
Pepoch: 43890.
DM:       65.5000  +/-      .6000
w50:     59.00 ms    123.50 mP
s400:    22.00
s1400:    1.00
RM:       17.00  +/-    3.00
d,z:    >  5.43    1.76   a 
model d:    >  5.43  (model 1)
L:       2.81
age:     7.94
Edot:   31.50
B:      11.31
