
PSR:    J1518+4904      B                  Type: BR          Scode:      0
RAB:    15:16:41.50760  +/- 00:00:0 .09997
DECB:  +49:15:27.5477   +/- 00:00:01.0004
RAJ:    15:18:16.60000  +/- 00:00:0 .09997
DECJ:  +49:04:35.0000   +/- 00:00:01.0004
l,b:     80.809  54.282
P:       .040934988329999998  +/-   .000000000010000000
DM:       11.6220  +/-      .0010
d,z:        .70     .57   bb
model d:        .70  (model 1)
x:        20.0439820  +/-      .0000080
e:          .249484800  +/-      .000000700
T0:     49654.49486000  +/-       .00000500
Pb (s):    745978.0060800  +/-           .0691200
Pb (d):    8.634004700000  +/-      .000000800000
Om:      342.455200  +/-     .0002000
