
PSR:    J1941+1026      B                                    Scode:   2000
RAB:    19:39:09.65067  +/- 00:00:0 .00800
DECB:  +10:19:20.7213   +/- 00:00:0 .2991
RAJ:    19:41:32.33400  +/- 00:00:0 .00800
DECJ:  +10:26:25.6000   +/- 00:00:0 .2991
l,b:     48.004  -6.153
P:       .905393888300000000  +/-   .000000000020000000
Pdot:   9.962000D-16  +/-    8.000000D-19
Pepoch: 49080.
DM:      138.9100  +/-      .0200
w50:     11.00 ms     12.15 mP
s400:     1.80
d,z:       8.61    -.92   cd
model d:       8.61  (model 1)
L:       2.13
age:     7.16
Edot:   31.72
B:      11.98
