
PSR:    J1918+1444      B1916+14                             Scode:   2104
RAB:    19:16:09.00000  +/- 00:00:0 .19939
DECB:  +14:39:24.0000   +/- 00:00:02.9908
RAJ:    19:18:26.22168  +/- 00:00:0 .19939
DECJ:  +14:44:55.6096   +/- 00:00:02.9908
l,b:     49.099    .855
P:      1.180883664700000100  +/-   .000000000300000000
Pdot:   2.114000D-13  +/-    4.000000D-16
Pepoch: 42956.
DM:       30.0000  +/-    20.0000
w50:     13.80 ms     11.69 mP
s400:     1.60
s1400:    1.40
d,z:       1.55     .02   aa
model d:       1.55  (model 1)
L:        .59
age:     4.95
Edot:   33.71
B:      13.20
