
PSR:    J1823-0154      B                                    Scode:   4000
RAB:    18:21:01.01320  +/- 00:00:19.93893
DECB:  -01:55:37.4279   +/- 00:04:59.0840
RAJ:    18:23:37.00000  +/- 00:00:19.93893
DECJ:  -01:54:0 .0000   +/- 00:04:59.0840
l,b:     28.052   5.313
P:       .759780000000000010  +/-   .000010000000000000
DM:      135.0000  +/-     2.0000
w50:     15.00 ms     19.74 mP
s400:    13.00
s1400:     .80
d,z:       4.55     .42   aa
model d:       4.55  (model 1)
