
PSR:    J1600-5044      B1557-50                             Scode:   1001
RAB:    15:57:08.86600  +/- 00:00:0 .01801
DECB:  -50:35:56.4000   +/- 00:00:0 .2991
RAJ:    16:00:53.06567  +/- 00:00:0 .01801
DECJ:  -50:44:21.1741   +/- 00:00:0 .2991
l,b:    330.690   1.631
P:       .192598318908000000  +/-   .000000000009000000
Pdot:   5.062560D-15  +/-    1.100000D-19
Pepoch: 42554.
DM:      261.0000  +/-     4.0000
w50:      3.80 ms     19.73 mP
s1400:   15.00
RM:      119.00  +/-   10.00
log tau_s:    -2.35
dl,du:     6.30   99.00
d,z:       6.30     .18   aa
model d:       5.67  (model 1)
L:       3.59
age:     5.78
Edot:   34.45
B:      12.00
