
PSR:    J1857+0943      B1855+09           Type: BIMR        Scode:   2400
RAB:    18:55:13.68747  +/- 00:00:0 .00005
DECB:  +09:39:13.1260   +/- 00:00:0 .0012
RAJ:    18:57:36.39352  +/- 00:00:0 .00005
DECJ:  +09:43:17.3226   +/- 00:00:0 .0012
Epoch:  47526.
PMRA:    -2.940  +/-      .040
PMDEC:   -5.410  +/-      .060
l,b:     42.290   3.061
P:       .005362100454041540  +/-   .000000000000000300
Pdot:   1.783630D-20  +/-    8.000000D-25
Pepoch: 47526.
DM:       13.3090  +/-      .0050
w50:       .55 ms    102.57 mP
s400:    31.00
s1400:    4.00
log tau_s:    -7.18
dl,du:      .70    1.30
d,z:        .90     .05   ba
model d:        .70  (model 1)
L:       1.40
age:     9.68
Edot:   33.66
B:       8.50
x:         9.2307802  +/-      .0000004
e:          .000021680  +/-      .000000050
T0:     47529.89700000  +/-       .00300000
Pb (s):   1065067.5908592  +/-           .0000518
Pb (d):   12.327171190500  +/-      .000000000600
Om:      276.410000  +/-     .0900000
