
PSR:    J1807-0847      B1804-08                             Scode:   4210
RAB:    18:04:53.91500  +/- 00:00:0 .00899
DECB:  -08:48:10.5000   +/- 00:00:0 .2001
RAJ:    18:07:38.01865  +/- 00:00:0 .00899
DECJ:  -08:47:43.1064   +/- 00:00:0 .2001
Epoch:  46573.
PMRA:     8.000  +/-    15.000
PMDEC:    4.000  +/-    20.000
l,b:     20.062   5.587
P:       .163727360830000000  +/-   .000000000030000000
Pdot:   2.868000D-17  +/-    8.000000D-20
Pepoch: 43891.
DM:      112.8000  +/-      .3000
w50:      6.40 ms     39.09 mP
s400:    65.00
s1400:   16.00
RM:      166.00  +/-    9.00
log tau_s:    -5.62
dl,du:      .80   99.00
d,z:       3.61     .35   ba
model d:       3.61  (model 1)
L:       2.93
age:     7.96
Edot:   32.41
B:      10.84
