
PSR:    J1922+2110      B1920+21                             Scode:   2626
RAB:    19:20:43.97900  +/- 00:00:0 .00400
DECB:  +21:04:52.0900   +/- 00:00:0 .1601
RAJ:    19:22:53.55149  +/- 00:00:0 .00400
DECJ:  +21:10:42.2838   +/- 00:00:0 .1601
l,b:     55.278   2.935
P:      1.077919155140000000  +/-   .000000000100000000
Pdot:   8.189900D-15  +/-    7.000000D-19
Pepoch: 42547.
DM:      217.1000  +/-      .4000
w50:     14.80 ms     13.73 mP
s400:    30.00
s1400:    1.40
RM:      282.00  +/-   14.00
log tau_s:    -4.52
dl,du:     1.20   99.00
d,z:      12.51     .64   bb
model d:      12.51  (model 1)
L:       3.67
age:     6.32
Edot:   32.41
B:      12.48
