
PSR:    J1918+1541      B                  Type: I           Scode:   2000
RAB:    19:15:51.59165  +/- 00:00:0 .05995
DECB:  +15:35:44.8520   +/- 00:00:0 .6992
RAJ:    19:18:07.70000  +/- 00:00:0 .05995
DECJ:  +15:41:15.2000   +/- 00:00:0 .6992
l,b:     49.894   1.360
P:       .370882998770000030  +/-   .000000000190000000
Pdot:   2.543000D-15  +/-    1.300000D-17
Pepoch: 49080.
DM:       13.0000  +/-     2.0000
w50:      6.00 ms     16.18 mP
s400:      .80
d,z:        .68     .02   aa
model d:        .68  (model 1)
L:       -.43
age:     6.36
Edot:   33.29
B:      11.99
