
PSR:    J1042-5521      B1039-55                             Scode:   5010
RAB:    10:39:59.35000  +/- 00:00:0 .08993
DECB:  -55:05:22.3000   +/- 00:00:0 .6992
RAJ:    10:42:0 .60734  +/- 00:00:0 .08993
DECJ:  -55:21:05.4887   +/- 00:00:0 .6992
l,b:    285.192   2.999
P:      1.170859077000000000  +/-   .000000000400000000
Pdot:   6.733000D-15  +/-    1.600000D-17
Pepoch: 43558.
DM:      306.0000  +/-     2.0000
w50:     32.00 ms     27.33 mP
s400:    14.00
d,z:       6.95     .36   bb
model d:       6.95  (model 1)
L:       2.83
age:     6.44
Edot:   32.22
B:      12.45
