
PSR:    J1730-3350      B1727-33           Type: G           Scode:   1000
RAB:    17:27:14.50000  +/- 00:00:0 .04002
DECB:  -33:48:27.0000   +/- 00:00:02.9908
RAJ:    17:30:32.62223  +/- 00:00:0 .04002
DECJ:  -33:50:42.5989   +/- 00:00:02.9908
l,b:    354.133    .089
P:       .139447320624000000  +/-   .000000000011000000
Pdot:   8.500760D-14  +/-    8.000000D-19
Pepoch: 48441.
DM:      256.5000  +/-      .5000
w50:      3.60 ms     25.82 mP
s400:     9.20
s1400:    2.90
log tau_s:    -1.45
d,z:       4.24     .01   aa
model d:       4.24  (model 1)
L:       2.22
age:     4.42
Edot:   36.09
B:      12.54
