
PSR:    J0304+1932      B0301+19                             Scode:     10
RAB:    03:01:42.43700  +/- 00:00:0 .00501
DECB:  +19:21:11.8400   +/- 00:00:0 .0699
RAJ:    03:04:33.11179  +/- 00:00:0 .00501
DECJ:  +19:32:50.6977   +/- 00:00:0 .0699
Epoch:  46058.
PMRA:     6.000  +/-     7.000
PMDEC:  -37.000  +/-     4.000
l,b:    161.135 -33.271
P:      1.387584344813999900  +/-   .000000000018000000
Pdot:   1.295900D-15  +/-    1.100000D-18
Pepoch: 48382.
DM:       15.6900  +/-      .0500
w50:     58.40 ms     42.09 mP
s400:    27.00
s1400:    3.00
RM:       -8.30  +/-     .30
log tau_s:    -7.54
d,z:        .94    -.52   ba
model d:        .94  (model 1)
L:       1.38
age:     7.23
Edot:   31.28
B:      12.13
