
PSR:    J1357-6228      B1353-62                             Scode:   1001
RAB:    13:53:50.00000  +/- 00:00:40.01537
DECB:  -62:12:60.0000   +/- 00:04:59.0840
RAJ:    13:57:25.37818  +/- 00:00:40.01537
DECJ:  -62:27:37.2730   +/- 00:04:59.0840
l,b:    310.476   -.559
P:       .455761000000000030  +/-   .000001000000000000
DM:      412.0000  +/-     5.0000
w50:     22.00 ms     48.27 mP
s1400:    6.00
d,z:       6.90    -.07   aa
model d:       6.90  (model 1)
