
PSR:    J1018-1642      B1016-16                             Scode:   4040
RAB:    10:16:15.22000  +/- 00:00:0 .01994
DECB:  -16:27:06.6000   +/- 00:00:0 .4002
RAJ:    10:18:40.38240  +/- 00:00:0 .01994
DECJ:  -16:42:10.0741   +/- 00:00:0 .4002
l,b:    258.261  32.610
P:      1.804694418100000000  +/-   .000000000100000000
Pdot:   1.746000D-15  +/-    4.000000D-18
Pepoch: 46184.
DM:       48.0000  +/-      .7000
w50:     30.60 ms     16.96 mP
s400:     5.10
s1400:     .60
d,z:    >  3.27    1.76   a 
model d:    >  3.27  (model 1)
L:       1.74
age:     7.21
Edot:   31.07
B:      12.25
