
PSR:    J1848-0123      B1845-01                             Scode:   4112
RAB:    18:45:48.20000  +/- 00:00:0 .01994
DECB:  -01:27:22.7000   +/- 00:00:0 .6992
RAJ:    18:48:23.59672  +/- 00:00:0 .01994
DECJ:  -01:23:58.2116   +/- 00:00:0 .6992
l,b:     31.339    .039
P:       .659430591210000030  +/-   .000000000030000000
Pdot:   5.218400D-15  +/-    1.600000D-18
Pepoch: 46800.
DM:      159.1000  +/-      .8000
w50:     43.70 ms     66.27 mP
s400:    79.00
s1400:   10.00
RM:      580.00  +/-   30.00
log tau_s:    -2.99
dl,du:     3.80    5.20
d,z:       3.80     .00   aa
model d:       3.40  (model 1)
L:       3.06
age:     6.30
Edot:   32.86
B:      12.27
