
PSR:    J1909+1859      B                                    Scode: 402000
RAB:    19:07:06.76016  +/- 00:00:0 .00800
DECB:  +18:54:16.8803   +/- 00:00:0 .1099
RAJ:    19:09:18.60400  +/- 00:00:0 .00800
DECJ:  +18:59:10.7400   +/- 00:00:0 .1099
l,b:     51.852   4.749
P:       .542451096009999970  +/-   .000000000040000000
Pdot:   9.700000D-17  +/-    3.000000D-18
Pepoch: 49080.
DM:       64.4770  +/-      .0070
w50:     11.00 ms     20.28 mP
s400:     5.40
d,z:       3.40     .28   aa
model d:       3.40  (model 1)
L:       1.80
age:     7.95
Edot:   31.38
B:      11.37
