
PSR:    J0139+5814      B0136+57                             Scode:    260
RAB:    01:36:01.60600  +/- 00:00:0 .00300
DECB:  +57:59:19.4100   +/- 00:00:0 .0299
RAJ:    01:39:19.77040  +/- 00:00:0 .00300
DECJ:  +58:14:31.8498   +/- 00:00:0 .0299
Epoch:  48382.
PMRA:   -11.000  +/-     5.000
PMDEC:  -19.000  +/-     5.000
l,b:    129.216  -4.044
P:       .272449791574000010  +/-   .000000000005000000
Pdot:   1.070030D-14  +/-    3.000000D-19
Pepoch: 48382.
DM:       73.7500  +/-      .0900
w50:      5.20 ms     19.09 mP
s400:    28.00
s1400:    4.60
RM:      -90.00  +/-    4.00
d,z:       2.89    -.20   ab
model d:       2.89  (model 1)
L:       2.37
age:     5.61
Edot:   34.32
B:      12.24
