
PSR:    J1906+1854      B                                    Scode: 402000
RAB:    19:04:32.83700  +/- 00:00:0 .01994
DECB:  +18:49:25.3811   +/- 00:00:0 .4002
RAJ:    19:06:44.71000  +/- 00:00:0 .01994
DECJ:  +18:54:08.5000   +/- 00:00:0 .4002
l,b:     51.501   5.251
P:      1.019092771350000000  +/-   .000000000080000000
Pdot:   2.054000D-16  +/-    1.900000D-18
Pepoch: 49080.
DM:      156.7200  +/-      .0400
w50:     64.00 ms     62.80 mP
s400:     4.60
d,z:      11.07    1.01   c 
model d:      11.07  (model 1)
L:       2.75
age:     7.90
Edot:   30.88
B:      11.67
