
PSR:    J1728-0007      B1726-00                             Scode:    200
RAB:    17:26:0 .91000  +/- 00:00:0 .02998
DECB:  -00:05:24.5000   +/- 00:00:0 .4992
RAJ:    17:28:34.80297  +/- 00:00:0 .02998
DECJ:  -00:07:47.0089   +/- 00:00:0 .4992
l,b:     23.029  18.286
P:       .386005063599999980  +/-   .000000000070000000
Pdot:   1.124000D-15  +/-    4.000000D-18
Pepoch: 46075.
DM:       38.0000  +/-     2.0000
w50:     14.40 ms     37.31 mP
s400:    11.00
d,z:       2.21     .69   ab
model d:       2.21  (model 1)
L:       1.73
age:     6.74
Edot:   32.89
B:      11.82
