
PSR:    J0835-4510      B0833-45           Type: GHS         Scode:   4011
RAB:    08:33:39.27000  +/- 00:00:0 .01994
DECB:  -45:00:10.2000   +/- 00:00:0 .2991
RAJ:    08:35:20.67606  +/- 00:00:0 .01994
DECJ:  -45:10:35.7581   +/- 00:00:0 .2991
Epoch:  43180.
PMRA:   -48.000  +/-     2.000
PMDEC:   35.000  +/-     1.000
l,b:    263.552  -2.787
P:       .089308556629000002  +/-   .000000000005000000
Pdot:   1.248400D-13  +/-    2.000000D-17
Pepoch: 49672.
DM:       68.2000  +/-      .1000
w50:      2.10 ms     23.51 mP
s400:  5000.00
s1400: 1100.00
RM:       38.17  +/-     .06
log tau_s:    -4.22
dl,du:      .40     .60
d,z:        .50    -.02   aa
model d:        .61  (model 1)
L:       3.10
age:     4.05
Edot:   36.84
B:      12.53
