
PSR:    J1845-0434      B1842-04                             Scode:    100
RAB:    18:42:55.70000  +/- 00:00:0 .09997
DECB:  -04:37:47.0000   +/- 00:00:04.0015
RAJ:    18:45:34.74521  +/- 00:00:0 .09997
DECJ:  -04:34:34.7033   +/- 00:00:04.0015
l,b:     28.192   -.785
P:       .162249414489999990  +/-   .000000000030000000
Pdot:   3.779000D-15  +/-    2.000000D-18
Pepoch: 47000.
DM:      243.0000  +/-    17.0000
w50:     16.00 ms     98.61 mP
s1400:    2.60
d,z:       4.72    -.06   aa
model d:       4.72  (model 1)
L:       1.66
age:     5.83
Edot:   34.54
B:      11.90
