
PSR:    J1907+4002      B1905+39                             Scode:     60
RAB:    19:05:54.70000  +/- 00:00:0 .09997
DECB:  +39:57:18.3000   +/- 00:00:01.2995
RAJ:    19:07:34.77604  +/- 00:00:0 .09997
DECJ:  +40:02:06.0452   +/- 00:00:01.2995
Epoch:  44240.
PMRA:    11.000  +/-     4.000
PMDEC:   11.000  +/-     1.000
l,b:     70.948  14.203
P:      1.235757227900000000  +/-   .000000000500000000
Pdot:   5.300000D-16  +/-    1.000000D-17
Pepoch: 43891.
DM:       30.1000  +/-      .6000
w50:     58.50 ms     47.34 mP
s400:    23.00
s1400:    1.80
RM:        7.00  +/-    3.00
log tau_s:    -7.08
d,z:       1.71     .42   ba
model d:       1.71  (model 1)
L:       1.83
age:     7.57
Edot:   31.05
B:      11.91
