
PSR:    J1734-0212      B1732-02                             Scode:     40
RAB:    17:32:09.38000  +/- 00:00:0 .05995
DECB:  -02:10:38.0000   +/- 00:00:06.0023
RAJ:    17:34:45.68774  +/- 00:00:0 .05995
DECJ:  -02:12:33.7937   +/- 00:00:06.0023
l,b:     21.905  15.929
P:       .839386027300000000  +/-   .000000000600000000
Pdot:   4.200000D-16  +/-    2.000000D-17
Pepoch: 46382.
DM:       64.0000  +/-     2.0000
w50:      9.60 ms     11.44 mP
s400:     5.70
d,z:       5.02    1.38   b 
model d:       5.02  (model 1)
L:       2.16
age:     7.50
Edot:   31.45
B:      11.78
