
PSR:    J1807-1200      B1804-12                             Scode:   4200
RAB:    18:04:0 .00000  +/- 00:00:59.95430
DECB:  -11:59:60.0000   +/- 00:18:0 .8276
RAJ:    18:06:47.95801  +/- 00:00:59.95430
DECJ:  -11:59:36.3924   +/- 00:18:0 .8276
l,b:     17.148   4.229
P:       .522760000000000000  +/-   .000020000000000000
DM:      120.0000  +/-    60.0000
s400:     4.00
d,z:       3.43     .25   ba
model d:       3.43  (model 1)
