
PSR:    J1157-6224      B1154-62                             Scode:   5011
RAB:    11:54:43.69700  +/- 00:00:0 .01595
DECB:  -62:08:08.9200   +/- 00:00:0 .1299
RAJ:    11:57:15.23990  +/- 00:00:0 .01595
DECJ:  -62:24:50.8652   +/- 00:00:0 .1299
l,b:    296.705   -.199
P:       .400522048339999990  +/-   .000000000004000000
Pdot:   3.931300D-15  +/-    3.000000D-19
Pepoch: 46800.
DM:      325.2000  +/-      .5000
w50:     17.00 ms     42.44 mP
s400:   145.00
s1400:   10.00
RM:      508.20  +/-     .50
log tau_s:  < -3.27
dl,du:     1.90    9.50
d,z:       9.50    -.03   aa
model d:       9.95  (model 1)
L:       4.12
age:     6.21
Edot:   33.38
B:      12.10
