
PSR:    J1311-1228      B1309-12                             Scode:   4040
RAB:    13:09:14.47000  +/- 00:00:0 .01000
DECB:  -12:12:05.7000   +/- 00:00:0 .4992
RAJ:    13:11:52.66287  +/- 00:00:0 .01000
DECJ:  -12:28:0 .6887   +/- 00:00:0 .4992
l,b:    310.723  50.095
P:       .447517665848999990  +/-   .000000000006000000
Pdot:   1.506000D-16  +/-    2.000000D-19
Pepoch: 46184.
DM:       35.4000  +/-      .1000
w50:      6.70 ms     14.97 mP
s400:     4.00
s1400:     .50
d,z:    >  2.30    1.76   a 
model d:    >  2.30  (model 1)
L:       1.33
age:     7.67
Edot:   31.82
B:      11.42
