
PSR:    J2325+6316      B2323+63                             Scode:     20
RAB:    23:23:0 .20000  +/- 00:00:0 .29977
DECB:  +63:00:28.0000   +/- 00:00:02.0008
RAJ:    23:25:13.38857  +/- 00:00:0 .29977
DECJ:  +63:16:57.8729   +/- 00:00:02.0008
l,b:    113.419   2.015
P:      1.436308479100000000  +/-   .000000000800000000
Pdot:   2.890000D-15  +/-    3.000000D-17
Pepoch: 43985.
DM:      195.0000  +/-     5.0000
w50:    131.20 ms     91.35 mP
s400:     8.00
s1400:    2.10
RM:     -102.00  +/-   14.00
d,z:      10.64     .37   cc
model d:      10.64  (model 1)
L:       2.96
age:     6.90
Edot:   31.59
B:      12.31
