
PSR:    J1943-1237      B1940-12                             Scode:   4050
RAB:    19:40:38.13000  +/- 00:00:0 .02998
DECB:  -12:44:53.0000   +/- 00:00:16.0061
RAJ:    19:43:25.47056  +/- 00:00:0 .02998
DECJ:  -12:37:41.4516   +/- 00:00:16.0061
l,b:     27.256 -17.158
P:       .972428160200000000  +/-   .000000000070000000
Pdot:   1.659000D-15  +/-    2.000000D-18
Pepoch: 43891.
DM:       29.1000  +/-      .3000
w50:     11.80 ms     12.13 mP
s400:    12.90
s1400:     .70
RM:      -10.00  +/-    8.00
log tau_s:  < -5.86
d,z:       1.65    -.49   aa
model d:       1.65  (model 1)
L:       1.55
age:     6.97
Edot:   31.85
B:      12.11
