
PSR:    J1510-4422      B1507-44                             Scode:   4010
RAB:    15:07:27.30000  +/- 00:00:0 .40015
DECB:  -44:10:47.0000   +/- 00:00:06.0023
RAJ:    15:10:48.92313  +/- 00:00:0 .40015
DECJ:  -44:22:06.8204   +/- 00:00:06.0023
l,b:    327.586  11.729
P:       .943871297500000090  +/-   .000000001100000000
Pdot:   6.100000D-16  +/-    4.000000D-17
Pepoch: 43558.
DM:       84.0000  +/-     7.0000
w50:     50.00 ms     52.97 mP
s400:    14.00
d,z:       4.22     .86   bb
model d:       4.22  (model 1)
L:       2.40
age:     7.39
Edot:   31.46
B:      11.89
