
PSR:    J1604-4909      B1600-49                             Scode:   5010
RAB:    16:00:42.03700  +/- 00:00:0 .01000
DECB:  -49:01:45.7000   +/- 00:00:0 .2991
RAJ:    16:04:23.01370  +/- 00:00:0 .01000
DECJ:  -49:09:57.1134   +/- 00:00:0 .2991
Epoch:  43837.
PMRA:   -30.000  +/-     7.000
PMDEC:   -1.000  +/-     3.000
l,b:    332.152   2.442
P:       .327417287976999980  +/-   .000000000013000000
Pdot:   1.011700D-15  +/-    6.000000D-19
Pepoch: 43557.
DM:      140.8000  +/-      .5000
w50:      5.00 ms     15.27 mP
s400:    44.00
s1400:    4.00
d,z:       3.59     .15   aa
model d:       3.59  (model 1)
L:       2.75
age:     6.71
Edot:   33.06
B:      11.77
