
PSR:    J1720-2933      B1717-29                             Scode:   4012
RAB:    17:17:23.15000  +/- 00:00:0 .01994
DECB:  -29:30:17.0000   +/- 00:00:02.0008
RAJ:    17:20:34.15468  +/- 00:00:0 .01994
DECJ:  -29:33:15.4157   +/- 00:00:02.0008
l,b:    356.505   4.248
P:       .620448269870000010  +/-   .000000000015000000
Pdot:   7.456000D-16  +/-    7.000000D-19
Pepoch: 48381.
DM:       42.6300  +/-      .1100
w50:     30.00 ms     48.35 mP
s400:    32.00
s1400:    1.90
RM:       21.00  +/-    5.00
d,z:       1.43     .11   aa
model d:       1.43  (model 1)
L:       1.82
age:     7.12
Edot:   32.09
B:      11.84
