
PSR:    J1119-7936      B1118-79                             Scode:     10
RAB:    11:18:11.10000  +/- 00:00:0 .29977
DECB:  -79:20:04.2000   +/- 00:00:0 .8003
RAJ:    11:19:40.79480  +/- 00:00:0 .29977
DECJ:  -79:36:30.2950   +/- 00:00:0 .8003
l,b:    298.705 -17.498
P:      2.280597196300000000  +/-   .000000000700000000
Pdot:   3.670000D-15  +/-    4.000000D-17
Pepoch: 43558.
DM:       27.4000  +/-     1.4000
w50:     46.00 ms     20.17 mP
s400:     7.00
d,z:       1.52    -.46   ba
model d:       1.52  (model 1)
L:       1.21
age:     6.99
Edot:   31.09
B:      12.47
