
PSR:    J0613-0200      B                  Type: BMR         Scode:   4000
RAB:    06:11:12.54139  +/- 00:00:0 .00100
DECB:  -01:59:52.5516   +/- 00:00:0 .0400
RAJ:    06:13:43.97300  +/- 00:00:0 .00100
DECJ:  -02:00:47.0500   +/- 00:00:0 .0400
l,b:    210.413  -9.305
P:       .003061844035813000  +/-   .000000000000004000
Pdot:   1.100000D-20  +/-    2.000000D-21
Pepoch: 49200.
DM:       38.7850  +/-      .0020
w50:       .80 ms    261.28 mP
s400:    21.00
s1400:    2.50
d,z:       2.19    -.35   aa
model d:       2.19  (model 1)
L:       2.00
age:     9.64
Edot:   34.18
B:       8.27
x:         1.0914500  +/-      .0000200
e:          .000000000  +/-      .000022000
T0:     49031.66243400  +/-       .00000300
Pb (s):    103551.4808640  +/-           .0017280
Pb (d):    1.198512510000  +/-      .000000020000
Om:         .000000  +/-     .0000000
