
PSR:    J2019+2425      B                  Type: BIMR        Scode:   2000
RAB:    20:17:23.05664  +/- 00:00:0 .00004
DECB:  +24:15:46.1349   +/- 00:00:0 .0009
RAJ:    20:19:31.95109  +/- 00:00:0 .00004
DECJ:  +24:25:15.3660   +/- 00:00:0 .0009
Epoch:  48900.
PMRA:    -9.900  +/-      .700
PMDEC:  -21.100  +/-     1.400
l,b:     64.746  -6.624
P:       .003934524079663600  +/-   .000000000000000200
Pdot:   7.020000D-21  +/-    2.000000D-23
Pepoch: 48900.
DM:       17.2028  +/-      .0003
w50:       .30 ms     76.25 mP
s400:    15.00
d,z:        .91    -.10   aa
model d:        .91  (model 1)
L:       1.09
age:     9.95
Edot:   33.66
B:       8.23
x:        38.7676250  +/-      .0000010
e:          .000111110  +/-      .000000060
T0:     48906.97000000  +/-       .00600000
Pb (s):   6610605.2380800  +/-           .0086400
Pb (d):   76.511634700000  +/-      .000000100000
Om:      159.033701  +/-     .0000000
