
PSR:    J1951+1123      B                                    Scode:   2000
RAB:    19:48:46.35256  +/- 00:00:0 .01994
DECB:  +11:15:42.6702   +/- 00:00:0 .6992
RAJ:    19:51:08.25000  +/- 00:00:0 .01994
DECJ:  +11:23:25.2000   +/- 00:00:0 .6992
l,b:     50.004  -7.738
P:      5.094083027500000000  +/-   .000000000200000000
Pdot:   3.031000D-15  +/-    8.000000D-18
Pepoch: 49080.
DM:       31.2900  +/-      .0900
w50:     20.00 ms      3.93 mP
s400:     1.20
d,z:       1.66    -.22   ba
model d:       1.66  (model 1)
L:        .52
age:     7.43
Edot:   29.96
B:      12.60
