
PSR:    J2157+4017      B2154+40                             Scode:    220
RAB:    21:54:57.10800  +/- 00:00:0 .01299
DECB:  +40:03:26.9500   +/- 00:00:0 .1401
RAJ:    21:57:01.82050  +/- 00:00:0 .01299
DECJ:  +40:17:45.8806   +/- 00:00:0 .1401
Epoch:  48382.
PMRA:    18.000  +/-     1.000
PMDEC:   -3.000  +/-     1.000
l,b:     90.488 -11.341
P:      1.525265368686999900  +/-   .000000000017000000
Pdot:   3.425700D-15  +/-    9.000000D-19
Pepoch: 48382.
DM:       70.6100  +/-      .0600
w50:     38.60 ms     25.31 mP
s400:   105.00
s1400:   17.00
RM:      -44.00  +/-    2.00
log tau_s:    -5.90
d,z:       5.53   -1.09   b 
model d:       5.53  (model 1)
L:       3.51
age:     6.85
Edot:   31.58
B:      12.36
