
PSR:    J1652-2404      B1649-23                             Scode:     10
RAB:    16:49:56.20000  +/- 00:00:0 .12995
DECB:  -23:59:08.0000   +/- 00:00:16.0061
RAJ:    16:52:58.42588  +/- 00:00:0 .12995
DECJ:  -24:04:03.2599   +/- 00:00:16.0061
l,b:    357.312  12.452
P:      1.703739039570000100  +/-   .000000000050000000
Pdot:   3.162000D-15  +/-    3.000000D-18
Pepoch: 48382.
DM:       68.3100  +/-      .1400
w50:     35.10 ms     20.60 mP
s400:     9.20
s1400:    1.10
RM:      -24.00  +/-    8.00
d,z:       3.09     .67   bb
model d:       3.09  (model 1)
L:       1.94
age:     6.93
Edot:   31.40
B:      12.37
