
PSR:    J1850+1335      B1848+13                             Scode:   2200
RAB:    18:48:17.46800  +/- 00:00:0 .00700
DECB:  +13:32:24.4000   +/- 00:00:0 .2001
RAJ:    18:50:35.48272  +/- 00:00:0 .00700
DECJ:  +13:35:58.9086   +/- 00:00:0 .2001
l,b:     44.990   6.339
P:       .345581451699999990  +/-   .000000000010000000
Pdot:   1.492600D-15  +/-    4.000000D-19
Pepoch: 46260.
DM:       59.0000  +/-      .3000
w50:      7.60 ms     21.99 mP
s400:     6.00
s1400:    1.40
RM:      146.00  +/-    8.00
d,z:       3.08     .34   aa
model d:       3.08  (model 1)
L:       1.76
age:     6.56
Edot:   33.16
B:      11.86
