
PSR:    J1826-1131      B1823-11                             Scode:    100
RAB:    18:23:18.10000  +/- 00:00:0 .09997
DECB:  -11:33:31.0000   +/- 00:00:04.0015
RAJ:    18:26:05.43232  +/- 00:00:0 .09997
DECJ:  -11:31:43.2272   +/- 00:00:04.0015
l,b:     19.800    .293
P:      2.093135263699999800  +/-   .000000000200000000
Pdot:   4.920000D-15  +/-    1.000000D-17
Pepoch: 47000.
DM:      320.0000  +/-    12.0000
w50:     93.90 ms     44.86 mP
s400:     5.00
s1400:    1.10
RM:      229.00  +/-   23.00
log tau_s:  < -1.56
d,z:       4.83     .02   aa
model d:       4.83  (model 1)
L:       2.07
age:     6.83
Edot:   31.33
B:      12.51
