
PSR:    J1832-0827      B1829-08                             Scode:    100
RAB:    18:29:53.40100  +/- 00:00:0 .00700
DECB:  -08:29:19.9000   +/- 00:00:0 .2991
RAJ:    18:32:37.02362  +/- 00:00:0 .00700
DECJ:  -08:27:03.6693   +/- 00:00:0 .2991
l,b:     23.272    .298
P:       .647279240017999970  +/-   .000000000006000000
Pdot:   6.388810D-14  +/-    4.000000D-19
Pepoch: 47000.
DM:      300.8100  +/-      .1000
w50:     26.70 ms     41.25 mP
s400:     9.40
s1400:    4.10
RM:       39.00  +/-    7.00
log tau_s:  < -2.46
dl,du:     4.40    6.10
d,z:       4.75     .02   aa
model d:       4.75  (model 1)
L:       2.33
age:     5.21
Edot:   33.97
B:      12.81
