
PSR:    J1932+2220      B1930+22                             Scode:   2604
RAB:    19:30:14.16000  +/- 00:00:0 .04002
DECB:  +22:14:27.8000   +/- 00:00:01.2005
RAJ:    19:32:22.68017  +/- 00:00:0 .04002
DECJ:  +22:20:56.5521   +/- 00:00:01.2005
l,b:     57.357   1.555
P:       .144455311469000010  +/-   .000000000016000000
Pdot:   5.753180D-14  +/-    9.000000D-19
Pepoch: 48382.
DM:      219.0500  +/-      .0400
w50:      5.70 ms     39.46 mP
s400:     7.80
s1400:    1.20
RM:      173.00  +/-   11.00
dl,du:     9.80   14.40
d,z:       9.80     .27   aa
model d:       9.63  (model 1)
L:       2.88
age:     4.60
Edot:   35.88
B:      12.47
