
PSR:    J0625+10        B                                    Scode:  20000
RAB:    06:22:59.18428  +/- 00:00:15.95115
DECB:  +10:17:46.3515   +/- 00:04:59.0840
RAJ:    06:25:45.00000  +/- 00:00:15.95115
DECJ:  +10:15:60.0000   +/- 00:04:59.0840
l,b:    200.878   -.956
P:       .498396999999999980  +/-   .000001000000000000
DM:       78.0000  +/-    15.0000
d,z:       3.36    -.06   ba
model d:       3.36  (model 1)
