
PSR:    J1820-1818      B1817-18                             Scode:   1000
RAB:    18:17:43.28800  +/- 00:00:0 .01200
DECB:  -18:19:27.0000   +/- 00:00:02.0008
RAJ:    18:20:39.08769  +/- 00:00:0 .01200
DECJ:  -18:18:03.2089   +/- 00:00:02.0008
l,b:     13.202  -1.720
P:       .309904577999000010  +/-   .000000000004000000
Pdot:   9.410000D-17  +/-    3.000000D-19
Pepoch: 48377.
DM:      436.8000  +/-      .2000
w50:     13.60 ms     43.88 mP
s1400:    1.10
log tau_s:    -2.36
d,z:       8.46    -.25   cc
model d:       8.46  (model 1)
L:       2.52
age:     7.72
Edot:   32.10
B:      11.24
