
PSR:    J0108+6608      B0105+65                             Scode:     62
RAB:    01:05:05.10000  +/- 00:00:0 .09997
DECB:  +65:52:32.2000   +/- 00:00:01.2995
RAJ:    01:08:21.95647  +/- 00:00:0 .09997
DECJ:  +66:08:32.1620   +/- 00:00:01.2995
l,b:    124.645   3.327
P:      1.283652926220000000  +/-   .000000000060000000
Pdot:   1.316900D-14  +/-    3.000000D-18
Pepoch: 43892.
DM:       30.1500  +/-      .1000
w50:     22.50 ms     17.53 mP
s400:    10.00
s1400:     .90
RM:      -29.00  +/-    3.00
d,z:       1.63     .09   aa
model d:       1.63  (model 1)
L:       1.42
age:     6.19
Edot:   32.39
B:      12.62
