
PSR:    J0152-1637      B0149-16                             Scode:   4010
RAB:    01:49:46.46500  +/- 00:00:0 .01499
DECB:  -16:52:39.8300   +/- 00:00:0 .0899
RAJ:    01:52:10.86844  +/- 00:00:0 .01499
DECJ:  -16:37:52.9354   +/- 00:00:0 .0899
Epoch:  46573.
PMRA:   -10.000  +/-    50.000
PMDEC: -150.000  +/-    50.000
l,b:    179.305 -72.456
P:       .832741452547000050  +/-   .000000000006000000
Pdot:   1.298400D-15  +/-    7.000000D-19
Pepoch: 46800.
DM:       11.9400  +/-      .0400
w50:     17.80 ms     21.38 mP
s400:    20.00
s1400:    1.50
RM:        2.00  +/-    1.00
d,z:        .79    -.75   bb
model d:        .79  (model 1)
L:       1.10
age:     7.01
Edot:   31.95
B:      12.02
