
PSR:    J0809-4753      B0808-47                             Scode:   4010
RAB:    08:08:12.49300  +/- 00:00:0 .00899
DECB:  -47:45:0 .5200   +/- 00:00:0 .0899
RAJ:    08:09:43.88970  +/- 00:00:0 .00899
DECJ:  -47:53:55.1434   +/- 00:00:0 .0899
l,b:    263.301  -7.957
P:       .547199235502000000  +/-   .000000000004000000
Pdot:   3.082500D-15  +/-    4.000000D-19
Pepoch: 46800.
DM:      228.3000  +/-     1.2000
w50:     15.00 ms     27.41 mP
s400:    46.00
s1400:    3.00
RM:       97.00  +/-    4.00
log tau_s:  < -3.19
d,z:    > 12.72   -1.76   b 
model d:    > 12.72  (model 1)
L:       3.87
age:     6.45
Edot:   32.87
B:      12.12
