
PSR:    J0758-1528      B0756-15                             Scode:   4210
RAB:    07:56:11.34000  +/- 00:00:0 .01994
DECB:  -15:19:58.1000   +/- 00:00:0 .2991
RAJ:    07:58:29.06135  +/- 00:00:0 .01994
DECJ:  -15:28:09.0482   +/- 00:00:0 .2991
l,b:    234.464   7.224
P:       .682264336409999950  +/-   .000000000040000000
Pdot:   1.617000D-15  +/-    1.000000D-18
Pepoch: 43889.
DM:       63.7000  +/-      .3000
w50:      7.60 ms     11.14 mP
s400:     8.20
s1400:    2.00
RM:       55.00  +/-    7.00
d,z:       3.74     .47   aa
model d:       3.74  (model 1)
L:       2.06
age:     6.83
Edot:   32.30
B:      12.03
