
PSR:    J1522-5829      B1518-58                             Scode:   1000
RAB:    15:18:45.11000  +/- 00:00:0 .01994
DECB:  -58:18:21.0000   +/- 00:00:0 .2001
RAJ:    15:22:42.26738  +/- 00:00:0 .01994
DECJ:  -58:29:02.6884   +/- 00:00:0 .2001
l,b:    321.630  -1.215
P:       .395352859901000000  +/-   .000000000003000000
Pdot:   2.003500D-15  +/-    2.000000D-19
Pepoch: 48360.
DM:      199.9000  +/-      .2000
w50:     17.00 ms     43.00 mP
s1400:    6.00
RM:      -18.00  +/-   10.00
log tau_s:    -2.59
d,z:       4.47    -.09   aa
model d:       4.47  (model 1)
L:       2.55
age:     6.50
Edot:   33.11
B:      11.96
