
PSR:    J1659-1305      B1657-13                             Scode:   4040
RAB:    16:57:04.38000  +/- 00:00:0 .01994
DECB:  -13:00:42.0000   +/- 00:00:01.0004
RAJ:    16:59:53.07495  +/- 00:00:0 .01994
DECJ:  -13:05:07.7857   +/- 00:00:01.0004
l,b:      7.507  17.593
P:       .640958004879999990  +/-   .000000000030000000
Pdot:   6.210000D-16  +/-    8.000000D-19
Pepoch: 46075.
DM:       59.0000  +/-      .9000
w50:      8.70 ms     13.57 mP
s400:     6.30
d,z:       4.44    1.34   b 
model d:       4.44  (model 1)
L:       2.09
age:     7.21
Edot:   31.97
B:      11.81
