
PSR:    J1847-0402      B1844-04                             Scode:   4312
RAB:    18:44:44.41500  +/- 00:00:0 .01403
DECB:  -04:05:34.2000   +/- 00:00:0 .4992
RAJ:    18:47:22.83372  +/- 00:00:0 .01403
DECJ:  -04:02:14.1563   +/- 00:00:0 .4992
l,b:     28.877   -.939
P:       .597760501934999970  +/-   .000000000015000000
Pdot:   5.170990D-14  +/-    1.000000D-18
Pepoch: 46800.
DM:      142.6000  +/-      .3000
w50:     24.60 ms     41.15 mP
s400:    75.00
s1400:    4.80
RM:      117.00  +/-    8.00
log tau_s:    -4.70
d,z:       3.13    -.05   aa
model d:       3.13  (model 1)
L:       2.87
age:     5.26
Edot:   33.98
B:      12.75
