
PSR:    J2326+6113      B2324+60                             Scode:    262
RAB:    23:24:42.89700  +/- 00:00:0 .00501
DECB:  +60:57:05.5300   +/- 00:00:0 .0299
RAJ:    23:26:58.70422  +/- 00:00:0 .00501
DECJ:  +61:13:36.5040   +/- 00:00:0 .0299
l,b:    112.946    .003
P:       .233651931050800010  +/-   .000000000000500000
Pdot:   3.526300D-16  +/-    3.000000D-20
Pepoch: 48416.
DM:      122.6880  +/-      .0190
w50:     14.70 ms     62.91 mP
s400:    17.00
s1400:    4.40
RM:     -221.00  +/-   10.00
d,z:       4.82     .00   ab
model d:       4.82  (model 1)
L:       2.60
age:     7.02
Edot:   33.04
B:      11.46
