
PSR:    J2229+2643      B                  Type: BMR         Scode:  10000
RAB:    22:27:30.10244  +/- 00:00:0 .00030
DECB:  +26:28:34.2329   +/- 00:00:0 .0060
RAJ:    22:29:50.88690  +/- 00:00:0 .00030
DECJ:  +26:43:57.7900   +/- 00:00:0 .0060
l,b:     87.693 -26.284
P:       .002977819294719200  +/-   .000000000000000800
Pdot:   1.900000D-21  +/-    2.000000D-22
Pepoch: 49440.
DM:       23.0190  +/-      .0040
w50:       .50 ms    167.91 mP
s400:    13.00
d,z:       1.43    -.63   ba
model d:       1.43  (model 1)
L:       1.43
age:    10.40
Edot:   33.45
B:       7.88
x:        18.9125190  +/-      .0000050
e:          .000255000  +/-      .000000400
T0:     49419.74000000  +/-       .03000000
Pb (s):   8036573.3280000  +/-           .1728000
Pb (d):   93.015895000000  +/-      .000002000000
Om:       14.500000  +/-     .1000000
