
PSR:    J1820-1346      B1817-13                             Scode:   1100
RAB:    18:17:29.70000  +/- 00:00:0 .09997
DECB:  -13:47:41.0000   +/- 00:00:06.0023
RAJ:    18:20:19.79930  +/- 00:00:0 .09997
DECJ:  -13:46:18.4009   +/- 00:00:06.0023
l,b:     17.160    .482
P:       .921458717720000100  +/-   .000000000090000000
Pdot:   4.502000D-15  +/-    6.000000D-18
Pepoch: 47000.
DM:      782.0000  +/-    10.0000
w50:     28.70 ms     31.15 mP
s1400:    3.30
log tau_s:     -.98
d,z:       9.70     .08   bb
model d:       9.70  (model 1)
L:       1.73
age:     6.51
Edot:   32.36
B:      12.31
