
PSR:    J0157+6212      B0154+61                             Scode:    202
RAB:    01:54:15.08000  +/- 00:00:0 .06999
DECB:  +61:57:50.7000   +/- 00:00:0 .8003
RAJ:    01:57:50.00084  +/- 00:00:0 .06999
DECJ:  +62:12:27.0531   +/- 00:00:0 .8003
l,b:    130.587    .327
P:      2.351723832219999800  +/-   .000000000130000000
Pdot:   1.888410D-13  +/-    9.000000D-18
Pepoch: 48416.
DM:       29.8000  +/-      .3000
w50:     33.40 ms     14.20 mP
s400:     6.50
s1400:    1.90
RM:      -29.00  +/-    7.00
d,z:       1.59     .01   aa
model d:       1.59  (model 1)
L:       1.22
age:     5.30
Edot:   32.76
B:      13.33
