
PSR:    J1859+00        B                                    Scode:  20000
RAB:    18:57:12.85323  +/- 00:00:15.95115
DECB:  +00:30:47.0114   +/- 00:04:59.0840
RAJ:    18:59:46.00000  +/- 00:00:15.95115
DECJ:  +00:34:60.0000   +/- 00:04:59.0840
l,b:     34.401  -1.587
P:       .559629000000000040  +/-   .000001000000000000
DM:      412.0000  +/-    82.0000
d,z:       8.59    -.24   bb
model d:       8.59  (model 1)
