
PSR:    J0014+4746      B0011+47                             Scode:    260
RAB:    00:11:39.83000  +/- 00:00:0 .05995
DECB:  +47:29:52.6000   +/- 00:00:0 .6002
RAJ:    00:14:17.74359  +/- 00:00:0 .05995
DECJ:  +47:46:33.0739   +/- 00:00:0 .6002
l,b:    116.497 -14.631
P:      1.240698978080000000  +/-   .000000000050000000
Pdot:   5.630000D-16  +/-    3.000000D-18
Pepoch: 48416.
DM:       31.1000  +/-      .2000
w50:     88.70 ms     71.49 mP
s400:    14.00
s1400:    3.00
d,z:       1.84    -.46   aa
model d:       1.84  (model 1)
L:       1.68
age:     7.54
Edot:   31.07
B:      11.93
