
PSR:    J1912+2104      B1910+20                             Scode:   2002
RAB:    19:10:34.05000  +/- 00:00:0 .00400
DECB:  +20:59:26.0500   +/- 00:00:0 .0600
RAJ:    19:12:43.36896  +/- 00:00:0 .00400
DECJ:  +21:04:34.2560   +/- 00:00:0 .0600
l,b:     54.086   4.989
P:      2.232963534050000000  +/-   .000000000080000000
Pdot:   1.018190D-14  +/-    6.000000D-19
Pepoch: 42492.
DM:       88.0000  +/-     3.0000
w50:      9.90 ms      4.43 mP
s400:     6.00
s1400:     .80
RM:      148.00  +/-   10.00
d,z:       4.81     .42   aa
model d:       4.81  (model 1)
L:       2.14
age:     6.54
Edot:   31.56
B:      12.68
