
PSR:    J1549-4848      B                                    Scode:   4000
RAB:    15:45:40.49551  +/- 00:00:19.93893
DECB:  -48:38:52.3195   +/- 00:03:0 .0692
RAJ:    15:49:18.00000  +/- 00:00:19.93893
DECJ:  -48:47:60.0000   +/- 00:03:0 .0692
l,b:    330.494   4.318
P:       .288347000000000020  +/-   .000003000000000000
DM:       57.0000  +/-     1.0000
w50:      7.20 ms     24.97 mP
s400:    17.00
s1400:    1.90
d,z:       1.55     .12   aa
model d:       1.55  (model 1)
