
PSR:    J2113+4644      B2111+46                             Scode:    222
RAB:    21:11:37.73300  +/- 00:00:0 .01403
DECB:  +46:31:42.4800   +/- 00:00:0 .1099
RAJ:    21:13:24.29490  +/- 00:00:0 .01403
DECJ:  +46:44:08.6819   +/- 00:00:0 .1099
l,b:     89.003  -1.266
P:      1.014684902209000100  +/-   .000000000012000000
Pdot:   7.115000D-16  +/-    6.000000D-19
Pepoch: 48382.
DM:      141.5000  +/-      .0400
w50:     32.10 ms     31.64 mP
s400:   230.00
s1400:   19.00
RM:     -224.00  +/-    2.00
log tau_s:    -4.99
dl,du:     3.50    7.20
d,z:       5.00    -.11   aa
model d:       5.00  (model 1)
L:       3.76
age:     7.35
Edot:   31.43
B:      11.93
