
PSR:    J1905+0709      B1903+07                             Scode:    100
RAB:    19:03:28.00000  +/- 00:00:0 .19939
DECB:  +07:04:42.0000   +/- 00:00:02.9908
RAJ:    19:05:53.75505  +/- 00:00:0 .19939
DECJ:  +07:09:21.0766   +/- 00:00:02.9908
l,b:     40.944    .065
P:       .648038996699999980  +/-   .000000000100000000
Pdot:   4.920000D-15  +/-    1.000000D-17
Pepoch: 47000.
DM:      269.0000  +/-    22.0000
w50:     34.20 ms     52.77 mP
s1400:    1.90
d,z:       5.48     .01   aa
model d:       5.48  (model 1)
L:       2.44
age:     6.32
Edot:   32.85
B:      12.26
