
PSR:    J1834-0010      B1831-00           Type: B           Scode:     40
RAB:    18:31:43.25000  +/- 00:00:0 .04002
DECB:  -00:13:13.3000   +/- 00:00:0 .8993
RAJ:    18:34:17.24733  +/- 00:00:0 .04002
DECJ:  -00:10:49.4880   +/- 00:00:0 .8993
l,b:     30.813   3.733
P:       .520954308159999990  +/-   .000000000070000000
Pdot:   1.430000D-17  +/-    1.800000D-18
Pepoch: 46071.
DM:       88.3000  +/-     1.8000
w50:     30.20 ms     57.97 mP
s400:     5.10
d,z:       2.63     .17   aa
model d:       2.63  (model 1)
L:       1.55
age:     8.76
Edot:   30.60
B:      10.94
x:          .7231000  +/-      .0008000
e:          .000000000  +/-      .004000000
T0:     46458.38210000  +/-       .00060000
Pb (s):    156479.2992000  +/-           .1728000
Pb (d):    1.811103000000  +/-      .000002000000
Om:       70.000000  +/-     .0000000
