
PSR:    J1827-0958      B1824-10                             Scode:    100
RAB:    18:24:20.08000  +/- 00:00:0 .08993
DECB:  -10:00:36.0000   +/- 00:00:04.0015
RAJ:    18:27:05.54557  +/- 00:00:0 .08993
DECJ:  -09:58:43.8054   +/- 00:00:04.0015
l,b:     21.286    .798
P:       .245756903470000010  +/-   .000000000020000000
Pdot:   9.990000D-16  +/-    1.000000D-18
Pepoch: 47000.
DM:      431.0000  +/-     9.0000
w50:     21.40 ms     87.08 mP
s1400:    1.90
log tau_s:    -1.51
d,z:       6.16     .09   bb
model d:       6.16  (model 1)
L:       1.79
age:     6.59
Edot:   33.42
B:      11.70
