
PSR:    J0525+1115      B0523+11                             Scode:     10
RAB:    05:23:09.56700  +/- 00:00:0 .00400
DECB:  +11:12:44.6000   +/- 00:00:0 .2991
RAJ:    05:25:56.44452  +/- 00:00:0 .00400
DECJ:  +11:15:18.9863   +/- 00:00:0 .2991
Epoch:  48382.
PMRA:    30.000  +/-     7.000
PMDEC:   -4.000  +/-     5.000
l,b:    192.695 -13.246
P:       .354437595275099990  +/-   .000000000001400000
Pdot:   7.362000D-17  +/-    8.000000D-20
Pepoch: 48382.
DM:       79.2940  +/-      .0190
w50:     15.90 ms     44.86 mP
s400:    19.50
s1400:    1.60
RM:       29.00  +/-    5.00
d,z:    >  7.68   -1.76   a 
model d:    >  7.68  (model 1)
L:       3.06
age:     7.88
Edot:   31.82
B:      11.21
