
PSR:    J1740+1311      B1737+13                             Scode:    210
RAB:    17:37:49.22000  +/- 00:00:0 .01994
DECB:  +13:13:29.4000   +/- 00:00:0 .2991
RAJ:    17:40:07.36633  +/- 00:00:0 .01994
DECJ:  +13:11:57.5782   +/- 00:00:0 .2991
l,b:     37.085  21.679
P:       .803049716229999990  +/-   .000000000050000000
Pdot:   1.454000D-15  +/-    2.000000D-18
Pepoch: 43893.
DM:       48.9000  +/-      .3000
w50:     32.70 ms     40.72 mP
s400:    24.00
s1400:    3.90
RM:       73.00  +/-    5.00
log tau_s:    -7.03
d,z:    >  4.77    1.76   b 
model d:    >  4.77  (model 1)
L:       2.74
age:     6.94
Edot:   32.05
B:      12.04
