
PSR:    J1833-0827      B1830-08           Type: G           Scode:    100
RAB:    18:30:56.69000  +/- 00:00:0 .01994
DECB:  -08:29:51.5000   +/- 00:00:0 .6002
RAJ:    18:33:40.31646  +/- 00:00:0 .01994
DECJ:  -08:27:30.7047   +/- 00:00:0 .6002
l,b:     23.386    .063
P:       .085282878246999996  +/-   .000000000001000000
Pdot:   9.169800D-15  +/-    2.000000D-19
Pepoch: 48750.
DM:      411.0000  +/-     2.0000
w50:      4.60 ms     53.94 mP
s1400:    4.70
RM:     -470.00  +/-    7.00
log tau_s:    -2.94
d,z:       5.67     .01   bb
model d:       5.67  (model 1)
L:       2.37
age:     5.17
Edot:   35.77
B:      11.95
