
PSR:    J0332+5434      B0329+54                             Scode:    262
RAB:    03:29:11.01800  +/- 00:00:0 .01000
DECB:  +54:24:36.9300   +/- 00:00:0 .1000
RAJ:    03:32:59.34696  +/- 00:00:0 .01000
DECJ:  +54:34:43.2454   +/- 00:00:0 .1000
Epoch:  40105.
PMRA:    17.000  +/-     1.000
PMDEC:  -13.000  +/-     1.000
l,b:    144.995  -1.221
P:       .714518663979999970  +/-   .000000000010000000
Pdot:   2.049590D-15  +/-    8.000000D-20
Pepoch: 40621.
DM:       26.7760  +/-      .0050
w50:      6.60 ms      9.24 mP
s400:  1500.00
s1400:  203.00
RM:      -63.70  +/-     .40
log tau_s:    -7.20
dl,du:     1.00    2.80
d,z:       1.43    -.03   aa
model d:       1.43  (model 1)
L:       3.49
age:     6.74
Edot:   32.35
B:      12.09
