
PSR:    J1901+1306      B                                    Scode:   2000
RAB:    18:59:29.98004  +/- 00:00:0 .01994
DECB:  +13:02:26.1757   +/- 00:00:0 .6992
RAJ:    19:01:48.77000  +/- 00:00:0 .01994
DECJ:  +13:06:48.3000   +/- 00:00:0 .6992
l,b:     45.786   3.683
P:      1.830857452999999900  +/-   .000000000200000000
Pdot:   1.310000D-16  +/-    1.100000D-17
Pepoch: 49080.
DM:       75.0300  +/-      .0800
w50:     35.00 ms     19.12 mP
s400:      .60
d,z:       3.53     .23   aa
model d:       3.53  (model 1)
L:        .87
age:     8.35
Edot:   29.93
B:      11.70
