
PSR:    J1003-4747      B1001-47                             Scode:   4010
RAB:    10:01:23.82000  +/- 00:00:0 .02998
DECB:  -47:32:29.0000   +/- 00:00:0 .2991
RAJ:    10:03:21.58269  +/- 00:00:0 .02998
DECJ:  -47:47:02.0312   +/- 00:00:0 .2991
l,b:    276.037   6.117
P:       .307071699749999980  +/-   .000000000030000000
Pdot:   2.073700D-15  +/-    1.200000D-18
Pepoch: 43556.
DM:       98.1000  +/-     1.2000
w50:     11.00 ms     35.82 mP
s400:     6.00
d,z:       3.44     .37   bb
model d:       3.44  (model 1)
L:       1.85
age:     6.37
Edot:   33.45
B:      11.91
