
PSR:    J1906+0641      B1904+06                             Scode:    100
RAB:    19:04:08.93000  +/- 00:00:0 .01994
DECB:  +06:36:21.0000   +/- 00:00:0 .4002
RAJ:    19:06:35.22797  +/- 00:00:0 .01994
DECJ:  +06:41:02.9591   +/- 00:00:0 .4002
l,b:     40.604   -.304
P:       .267274526135000020  +/-   .000000000004000000
Pdot:   2.135200D-15  +/-    2.000000D-19
Pepoch: 47000.
DM:      473.0000  +/-     2.0000
s400:     2.80
s1400:    2.60
log tau_s:  < -2.46
dl,du:     5.00   14.50
d,z:       9.23    -.05   aa
model d:       9.23  (model 1)
L:       2.38
age:     6.30
Edot:   33.65
B:      11.88
