
PSR:    J1823-3021B     B1820-30B          Type: CR          Scode:      0
RAB:    18:20:28.78000  +/- 00:00:0 .01994
DECB:  -30:23:17.7000   +/- 00:00:0 .4002
RAJ:    18:23:41.52061  +/- 00:00:0 .01994
DECJ:  -30:21:41.2832   +/- 00:00:0 .4002
l,b:      2.790  -7.917
P:       .378596474000000020  +/-   .000000000010000000
Pdot:   3.150000D-17  +/-    3.000000D-19
Pepoch: 48504.
DM:       87.0000  +/-      .1000
w50:      6.00 ms     15.85 mP
s400:     2.20
s1400:     .07
dl,du:     7.20    8.80
d,z:       8.00   -1.10   ca
model d:       3.07  (model 1)
L:       2.15
age:     8.28
Edot:   31.36
B:      11.04
