
PSR:    J1844+1454      B1842+14                             Scode:   2410
RAB:    18:42:38.52000  +/- 00:00:0 .01994
DECB:  +14:51:03.6000   +/- 00:00:0 .4992
RAJ:    18:44:54.85984  +/- 00:00:0 .01994
DECJ:  +14:54:13.8627   +/- 00:00:0 .4992
Epoch:  44240.
PMRA:    -9.000  +/-    10.000
PMDEC:   45.000  +/-     6.000
l,b:     45.557   8.150
P:       .375462507600000000  +/-   .000000000040000000
Pdot:   1.866000D-15  +/-    1.000000D-18
Pepoch: 43986.
DM:       41.2000  +/-      .3000
w50:      9.30 ms     24.77 mP
s400:    20.00
s1400:    1.50
RM:      121.00  +/-    8.00
log tau_s:    -6.88
d,z:       2.21     .31   aa
model d:       2.21  (model 1)
L:       1.99
age:     6.50
Edot:   33.14
B:      11.93
