
PSR:    J1453-6413      B1449-64                             Scode:   4011
RAB:    14:49:25.28700  +/- 00:00:0 .01000
DECB:  -64:01:01.1600   +/- 00:00:0 .0800
RAJ:    14:53:32.73684  +/- 00:00:0 .01000
DECJ:  -64:13:15.5926   +/- 00:00:0 .0800
Epoch:  46917.
PMRA:   -16.000  +/-     1.000
PMDEC:  -21.300  +/-      .800
l,b:    315.733  -4.428
P:       .179483893925000000  +/-   .000000000003000000
Pdot:   2.747540D-15  +/-    5.000000D-20
Pepoch: 43177.
DM:       71.0700  +/-      .0200
w50:      4.50 ms     25.07 mP
s400:   230.00
s1400:   16.00
RM:      -22.30  +/-    1.40
d,z:       1.84    -.14   ab
model d:       1.84  (model 1)
L:       2.89
age:     6.02
Edot:   34.27
B:      11.85
