
PSR:    J1809-2109      B1806-21                             Scode:    100
RAB:    18:06:14.72000  +/- 00:00:0 .01994
DECB:  -21:09:36.0000   +/- 00:00:04.9916
RAJ:    18:09:14.32439  +/- 00:00:0 .01994
DECJ:  -21:09:02.1562   +/- 00:00:04.9916
l,b:      9.415   -.720
P:       .702412766599999960  +/-   .000000000010000000
Pdot:   3.822000D-15  +/-    1.000000D-18
Pepoch: 47000.
DM:      381.0000  +/-     2.0000
s1400:    1.90
d,z:       5.19    -.07   bb
model d:       5.19  (model 1)
L:       2.45
age:     6.46
Edot:   32.64
B:      12.22
