
PSR:    J0543+2329      B0540+23                             Scode: 400022
RAB:    05:40:06.96400  +/- 00:00:0 .00300
DECB:  +23:27:45.9400   +/- 00:00:0 .0400
RAJ:    05:43:09.64965  +/- 00:00:0 .00300
DECJ:  +23:29:06.1411   +/- 00:00:0 .0400
Epoch:  47555.
PMRA:    19.000  +/-     7.000
PMDEC:   12.000  +/-     8.000
l,b:    184.362  -3.318
P:       .245974089295700000  +/-   .000000000001000000
Pdot:   1.542378D-14  +/-    6.000000D-20
Pepoch: 48382.
DM:       77.6980  +/-      .0070
w50:      6.20 ms     25.21 mP
s400:    29.00
s1400:    9.00
RM:        8.70  +/-     .70
log tau_s:    -5.57
d,z:       3.54    -.20   aa
model d:       3.54  (model 1)
L:       2.56
age:     5.40
Edot:   34.61
B:      12.30
