
PSR:    J1305-6455      B1302-64                             Scode:   5010
RAB:    13:02:10.90000  +/- 00:00:0 .29977
DECB:  -64:39:22.7000   +/- 00:00:01.8007
RAJ:    13:05:23.65540  +/- 00:00:0 .29977
DECJ:  -64:55:26.2737   +/- 00:00:01.8007
l,b:    304.411  -2.092
P:       .571646944399999970  +/-   .000000000400000000
Pdot:   4.032000D-15  +/-    1.700000D-17
Pepoch: 43556.
DM:      511.0000  +/-     3.0000
w50:     22.00 ms     38.49 mP
s400:    29.00
s1400:    2.00
RM:     -420.00  +/-   10.00
log tau_s:  < -3.31
d,z:    > 30.00   -1.10   b 
model d:    > 30.00  (model 1)
L:       4.42
age:     6.35
Edot:   32.93
B:      12.19
