
PSR:    J1903+0135      B1900+01                             Scode:     12
RAB:    19:00:57.96100  +/- 00:00:0 .00199
DECB:  +01:31:09.4100   +/- 00:00:0 .0699
RAJ:    19:03:29.97645  +/- 00:00:0 .00199
DECJ:  +01:35:38.2047   +/- 00:00:0 .0699
l,b:     35.727  -1.955
P:       .729301632740000040  +/-   .000000000020000000
Pdot:   4.032200D-15  +/-    3.000000D-19
Pepoch: 42346.
DM:      246.4000  +/-      .4000
w50:     26.80 ms     36.75 mP
s400:    58.00
s1400:    2.00
RM:       72.30  +/-    1.00
log tau_s:    -3.57
dl,du:     2.40    4.40
d,z:       4.40    -.15   aa
model d:       6.12  (model 1)
L:       3.05
age:     6.46
Edot:   32.61
B:      12.24
