
PSR:    J1904-1224      B                                    Scode:   4000
RAB:    19:01:36.05287  +/- 00:00:12.00461
DECB:  -12:28:32.0202   +/- 00:03:0 .0692
RAJ:    19:04:24.00000  +/- 00:00:12.00461
DECJ:  -12:23:60.0000   +/- 00:03:0 .0692
l,b:     23.274  -8.456
P:       .375402000000000010  +/-   .000009000000000000
DM:      119.6000  +/-      .9000
w50:     17.00 ms     45.28 mP
s400:    10.00
d,z:       5.73    -.84   cc
model d:       5.73  (model 1)
