
PSR:    J1812-1718      B1809-173                            Scode:    100
RAB:    18:09:12.64000  +/- 00:00:0 .04002
DECB:  -17:19:15.0000   +/- 00:00:02.9908
RAJ:    18:12:07.21026  +/- 00:00:0 .04002
DECJ:  -17:18:28.3842   +/- 00:00:02.9908
l,b:     13.109    .538
P:      1.205361933729999900  +/-   .000000000040000000
Pdot:   1.911900D-14  +/-    4.000000D-18
Pepoch: 47000.
DM:      254.0000  +/-     4.0000
s1400:    2.00
log tau_s:  < -2.21
d,z:       4.19     .04   aa
model d:       4.19  (model 1)
L:       2.36
age:     6.00
Edot:   32.63
B:      12.69
