
PSR:    J2015+2524      B                                    Scode:   2000
RAB:    20:13:05.29197  +/- 00:00:0 .06999
DECB:  +25:15:17.6735   +/- 00:00:01.0004
RAJ:    20:15:12.70000  +/- 00:00:0 .06999
DECJ:  +25:24:31.3000   +/- 00:00:01.0004
l,b:     65.027  -5.261
P:      2.303299081600000100  +/-   .000000000900000000
Pdot:   5.100000D-16  +/-    5.000000D-17
Pepoch: 49080.
DM:       13.0000  +/-     3.0000
w50:     46.00 ms     19.97 mP
s400:      .40
d,z:        .69    -.06   aa
model d:        .69  (model 1)
L:       -.72
age:     7.86
Edot:   30.22
B:      12.04
