
PSR:    J2030+2228      B2028+22                             Scode:    404
RAB:    20:28:28.54400  +/- 00:00:0 .00600
DECB:  +22:18:13.1500   +/- 00:00:0 .0699
RAJ:    20:30:40.44381  +/- 00:00:0 .00600
DECJ:  +22:28:21.7432   +/- 00:00:0 .0699
l,b:     64.580  -9.833
P:       .630512102730000020  +/-   .000000000040000000
Pdot:   8.838000D-16  +/-    5.000000D-19
Pepoch: 42841.
DM:       71.8300  +/-      .0600
w50:     22.00 ms     34.89 mP
s400:     5.00
d,z:       4.75    -.81   bb
model d:       4.75  (model 1)
L:       2.05
age:     7.05
Edot:   32.14
B:      11.88
