
PSR:    J1803-2712      B1800-27           Type: B           Scode:   1000
RAB:    18:00:23.46000  +/- 00:00:0 .05995
DECB:  -27:12:15.0000   +/- 00:00:04.9916
RAJ:    18:03:31.56362  +/- 00:00:0 .05995
DECJ:  -27:12:06.4387   +/- 00:00:04.9916
l,b:      3.494  -2.531
P:       .334415423938999980  +/-   .000000000004000000
Pdot:   1.730000D-17  +/-    3.000000D-19
Pepoch: 48523.
DM:      165.0000  +/-     5.0000
w50:     18.00 ms     53.83 mP
s400:     3.40
s1400:     .90
RM:     -147.00  +/-   18.00
log tau_s:  < -2.58
d,z:       3.62    -.16   aa
model d:       3.62  (model 1)
L:       1.65
age:     8.49
Edot:   31.26
B:      10.89
x:        58.9397000  +/-      .0018000
e:          .000507000  +/-      .000006000
T0:     48467.40000000  +/-       .10000000
Pb (s):  35145878.4000000  +/-        172.8000000
Pb (d):  406.781000000000  +/-      .002000000000
Om:      208.300000  +/-     .9000000
