
PSR:    J1835-1106      B                                    Scode:   4000
RAB:    18:32:36.24662  +/- 00:00:14.98858
DECB:  -11:08:28.0965   +/- 00:03:0 .0692
RAJ:    18:35:23.00000  +/- 00:00:14.98858
DECJ:  -11:05:60.0000   +/- 00:03:0 .0692
l,b:     21.235  -1.528
P:       .165906000000000000  +/-   .000001000000000000
DM:      132.0000  +/-     1.0000
w50:      7.20 ms     43.40 mP
s400:    30.00
s1400:    4.10
d,z:       3.07    -.08   aa
model d:       3.07  (model 1)
