
PSR:    J1930+1316      B1927+13                             Scode:      4
RAB:    19:27:41.70900  +/- 00:00:0 .00800
DECB:  +13:09:52.2400   +/- 00:00:0 .1900
RAJ:    19:30:0 .94709  +/- 00:00:0 .00800
DECJ:  +13:16:11.1168   +/- 00:00:0 .1900
l,b:     49.124  -2.319
P:       .760031968309999970  +/-   .000000000090000000
Pdot:   3.661000D-15  +/-    2.000000D-18
Pepoch: 42829.
DM:      207.3000  +/-      .9000
w50:     17.00 ms     22.37 mP
s400:     5.00
d,z:       8.28    -.33   aa
model d:       8.28  (model 1)
L:       2.54
age:     6.52
Edot:   32.52
B:      12.23
