
PSR:    J0905-5127      B                                    Scode:   4000
RAB:    09:04:02.04682  +/- 00:00:25.02680
DECB:  -51:14:56.5985   +/- 00:03:0 .0692
RAJ:    09:05:38.00000  +/- 00:00:25.02680
DECJ:  -51:26:60.0000   +/- 00:03:0 .0692
l,b:    271.597  -2.871
P:       .346287000000000010  +/-   .000004000000000000
DM:      196.0000  +/-     1.0000
w50:     10.00 ms     28.88 mP
s400:    12.00
s1400:    1.70
d,z:       8.35    -.42   bb
model d:       8.35  (model 1)
