
PSR:    J1825+0004      B1822+00                             Scode:   4040
RAB:    18:22:41.60500  +/- 00:00:0 .00700
DECB:  +00:02:36.4000   +/- 00:00:0 .2991
RAJ:    18:25:15.30386  +/- 00:00:0 .00700
DECJ:  +00:04:21.0356   +/- 00:00:0 .2991
l,b:     30.002   5.856
P:       .778949124810000000  +/-   .000000000020000000
Pdot:   8.733000D-16  +/-    9.000000D-19
Pepoch: 46075.
DM:       54.4000  +/-      .4000
w50:     10.30 ms     13.22 mP
s400:     8.00
s1400:     .40
d,z:       2.22     .23   aa
model d:       2.22  (model 1)
L:       1.60
age:     7.15
Edot:   31.86
B:      11.92
