
PSR:    J1644-4559      B1641-45           Type: G           Scode:   5010
RAB:    16:41:10.31300  +/- 00:00:0 .00400
DECB:  -45:53:38.7000   +/- 00:00:0 .1000
RAJ:    16:44:49.25478  +/- 00:00:0 .00400
DECJ:  -45:59:09.1008   +/- 00:00:0 .1000
l,b:    339.193   -.195
P:       .455059775403000020  +/-   .000000000010000000
Pdot:   2.009020D-14  +/-    6.000000D-19
Pepoch: 46800.
DM:      480.0000  +/-     5.0000
w50:      8.20 ms     18.02 mP
s400:   375.00
s1400:  310.00
RM:     -611.00  +/-    4.00
log tau_s:    -1.95
dl,du:     3.90    5.30
d,z:       5.30    -.02   aa
model d:       6.10  (model 1)
L:       4.02
age:     5.56
Edot:   33.93
B:      12.49
