
PSR:    J1808+00        B                                    Scode:  20000
RAB:    18:05:45.89018  +/- 00:00:15.95115
DECB:  +00:33:29.2192   +/- 00:04:59.0840
RAJ:    18:08:19.00000  +/- 00:00:15.95115
DECJ:  +00:34:0 .0000   +/- 00:04:59.0840
l,b:     28.480   9.844
P:       .425113999999999990  +/-   .000001000000000000
DM:      141.0000  +/-    28.0000
d,z:    > 10.29    1.76   b 
model d:    > 10.29  (model 1)
