
PSR:    J1932+2020      B1929+20                             Scode:   2704
RAB:    19:29:57.04100  +/- 00:00:0 .00300
DECB:  +20:14:18.6200   +/- 00:00:0 .0600
RAJ:    19:32:08.02965  +/- 00:00:0 .00300
DECJ:  +20:20:46.3049   +/- 00:00:0 .0600
l,b:     55.575    .639
P:       .268216854361000010  +/-   .000000000003000000
Pdot:   4.216300D-15  +/-    1.800000D-19
Pepoch: 48381.
DM:      211.0250  +/-      .0130
w50:     18.40 ms     68.60 mP
s400:    29.00
s1400:    1.20
RM:       10.00  +/-    6.00
log tau_s:    -3.93
dl,du:     3.00   15.80
d,z:       9.14     .10   aa
model d:       9.14  (model 1)
L:       3.38
age:     6.00
Edot:   33.94
B:      12.03
