
PSR:    J1805+0306      B1802+03                             Scode:    200
RAB:    18:02:40.02000  +/- 00:00:0 .02998
DECB:  +03:06:13.8000   +/- 00:00:0 .2991
RAJ:    18:05:10.16122  +/- 00:00:0 .02998
DECJ:  +03:06:30.9301   +/- 00:00:0 .2991
l,b:     30.413  11.708
P:       .218711234799999990  +/-   .000000000050000000
Pdot:   9.990000D-16  +/-    3.000000D-18
Pepoch: 46116.
DM:       79.4000  +/-      .8000
s400:     5.00
d,z:       4.80     .97   bc
model d:       4.80  (model 1)
L:       2.06
age:     6.54
Edot:   33.58
B:      11.68
