
PSR:    J1751-4657      B1747-46                             Scode:     10
RAB:    17:47:57.01900  +/- 00:00:0 .01100
DECB:  -46:56:40.3000   +/- 00:00:0 .2001
RAJ:    17:51:42.23301  +/- 00:00:0 .01100
DECJ:  -46:57:24.7681   +/- 00:00:0 .2001
l,b:    345.002 -10.178
P:       .742352395469999980  +/-   .000000000010000000
Pdot:   1.291100D-15  +/-    6.000000D-19
Pepoch: 46800.
DM:       21.7000  +/-      .5000
w50:     17.00 ms     22.90 mP
s400:    70.00
s1400:   10.00
RM:       18.00  +/-    3.00
d,z:       1.08    -.19   aa
model d:       1.08  (model 1)
L:       1.91
age:     6.96
Edot:   32.10
B:      12.00
