
PSR:    J1844+00        B                                    Scode:  20000
RAB:    18:41:37.87335  +/- 00:00:15.95115
DECB:  +00:31:53.4775   +/- 00:04:59.0840
RAJ:    18:44:11.00000  +/- 00:00:15.95115
DECJ:  +00:34:60.0000   +/- 00:04:59.0840
l,b:     32.624   1.880
P:       .460505000000000000  +/-   .000001000000000000
DM:      335.0000  +/-    67.0000
d,z:       6.65     .22   aa
model d:       6.65  (model 1)
