
PSR:    J1857+0212      B1855+02                             Scode:    100
RAB:    18:55:12.33000  +/- 00:00:0 .01000
DECB:  +02:08:36.9000   +/- 00:00:0 .2991
RAJ:    18:57:43.63299  +/- 00:00:0 .01000
DECJ:  +02:12:41.3061   +/- 00:00:0 .2991
l,b:     35.617   -.390
P:       .415814167529000020  +/-   .000000000006000000
Pdot:   4.028220D-14  +/-    5.000000D-19
Pepoch: 47000.
DM:      504.0000  +/-     1.0000
w50:     13.00 ms     31.26 mP
s1400:    2.20
log tau_s:    -1.93
dl,du:     5.60   99.00
d,z:       8.58    -.06   aa
model d:       8.58  (model 1)
L:       3.11
age:     5.21
Edot:   34.35
B:      12.62
