
PSR:    J1711-1509      B1709-15                             Scode:   4040
RAB:    17:09:03.64500  +/- 00:00:0 .00899
DECB:  -15:06:03.3000   +/- 00:00:0 .6992
RAJ:    17:11:55.05567  +/- 00:00:0 .00899
DECJ:  -15:09:38.1091   +/- 00:00:0 .6992
l,b:      7.417  14.014
P:       .868803883580000050  +/-   .000000000030000000
Pdot:   1.104000D-15  +/-    1.000000D-18
Pepoch: 46075.
DM:       58.0000  +/-     1.0000
w50:     12.20 ms     14.04 mP
s400:     5.90
s1400:     .70
d,z:       2.78     .67   bb
model d:       2.78  (model 1)
L:       1.66
age:     7.10
Edot:   31.82
B:      12.00
