
PSR:    J2305+3100      B2303+30                             Scode:  20020
RAB:    23:03:34.09800  +/- 00:00:0 .00400
DECB:  +30:43:48.6100   +/- 00:00:0 .0800
RAJ:    23:05:58.33272  +/- 00:00:0 .00400
DECJ:  +31:00:01.8041   +/- 00:00:0 .0800
Epoch:  42341.
PMRA:    13.000  +/-     8.000
PMDEC:  -33.000  +/-     6.000
l,b:     97.721 -26.657
P:      1.575884744269999900  +/-   .000000000020000000
Pdot:   2.895670D-15  +/-    1.300000D-19
Pepoch: 42341.
DM:       49.9000  +/-      .2000
w50:     17.40 ms     11.04 mP
s400:    24.00
s1400:    2.20
RM:      -84.00  +/-    6.00
log tau_s:    -5.95
d,z:    >  3.93   -1.76   a 
model d:    >  3.93  (model 1)
L:       2.57
age:     6.94
Edot:   31.47
B:      12.34
