
PSR:    J2317+2149      B2315+21                             Scode:  12020
RAB:    23:15:29.02000  +/- 00:00:0 .08003
DECB:  +21:33:26.0000   +/- 00:00:02.0008
RAJ:    23:17:57.79616  +/- 00:00:0 .08003
DECJ:  +21:49:50.3199   +/- 00:00:02.0008
l,b:     95.832 -36.074
P:      1.444652674699999900  +/-   .000000000400000000
Pdot:   1.050000D-15  +/-    1.000000D-17
Pepoch: 43987.
DM:       20.5000  +/-      .5000
w50:     20.20 ms     13.98 mP
s400:    15.00
s1400:     .90
RM:      -37.00  +/-    3.00
log tau_s:    -7.84
d,z:       1.40    -.82   ab
model d:       1.40  (model 1)
L:       1.47
age:     7.34
Edot:   31.14
B:      12.10
