
PSR:    J1736+05        B                                    Scode:  20000
RAB:    17:34:26.99998  +/- 00:00:15.95115
DECB:  +05:49:46.1655   +/- 00:04:59.0840
RAJ:    17:36:54.00000  +/- 00:00:15.95115
DECJ:  +05:48:0 .0000   +/- 00:04:59.0840
l,b:     29.592  19.208
P:       .999245000000000050  +/-   .000001000000000000
DM:       42.0000  +/-     8.0000
d,z:       2.81     .92   bb
model d:       2.81  (model 1)
