
PSR:    J1903+2225      B                                    Scode:   2000
RAB:    19:01:45.66655  +/- 00:00:0 .01994
DECB:  +22:20:41.0486   +/- 00:00:0 .2991
RAJ:    19:03:52.95000  +/- 00:00:0 .01994
DECJ:  +22:25:12.3000   +/- 00:00:0 .2991
l,b:     54.363   7.427
P:       .651185384180000050  +/-   .000000000140000000
Pdot:   4.450000D-16  +/-    1.000000D-17
Pepoch: 49080.
DM:      109.2000  +/-      .0300
w50:     10.00 ms     15.36 mP
s400:      .80
d,z:       7.86    1.02   bb
model d:       7.86  (model 1)
L:       1.69
age:     7.37
Edot:   31.80
B:      11.74
