
PSR:    J0421-0345      B                                    Scode:   4000
RAB:    04:19:27.27108  +/- 00:00:19.93893
DECB:  -03:52:0 .7351   +/- 00:03:59.2672
RAJ:    04:21:57.00000  +/- 00:00:19.93893
DECJ:  -03:45:0 .0000   +/- 00:03:59.2672
l,b:    197.563 -34.672
P:      1.080630000000000000  +/-   .000020000000000000
DM:       42.0000  +/-     3.0000
w50:     27.00 ms     24.99 mP
s400:     4.00
s1400:     .50
d,z:    >  3.09   -1.76   a 
model d:    >  3.09  (model 1)
