
PSR:    J0614+2229      B0611+22                             Scode:    222
RAB:    06:11:15.70000  +/- 00:00:0 .19939
DECB:  +22:30:54.0000   +/- 00:00:02.9908
RAJ:    06:14:17.10519  +/- 00:00:0 .19939
DECJ:  +22:29:58.1753   +/- 00:00:02.9908
Epoch:      0.
PMRA:    -4.000  +/-     5.000
PMDEC:   -3.000  +/-     7.000
l,b:    188.794   2.395
P:       .334925054010000000  +/-   .000000000050000000
Pdot:   5.963000D-14  +/-    5.000000D-18
Pepoch: 42881.
DM:       96.7000  +/-      .0500
w50:      6.90 ms     20.60 mP
s400:    29.00
s1400:    2.20
RM:       67.00  +/-     .70
log tau_s:    -5.59
d,z:       4.72     .20   ba
model d:       4.72  (model 1)
L:       2.81
age:     4.95
Edot:   34.80
B:      12.66
