
PSR:    J1808-2057      B1805-20                             Scode:   1100
RAB:    18:05:07.00000  +/- 00:00:0 .09997
DECB:  -20:58:19.0000   +/- 00:00:23.1017
RAJ:    18:08:06.35761  +/- 00:00:0 .09997
DECJ:  -20:57:50.0978   +/- 00:00:23.1017
l,b:      9.450   -.398
P:       .918406471300000080  +/-   .000000000800000000
Pdot:   1.709900D-14  +/-    9.000000D-18
Pepoch: 47000.
DM:      609.0000  +/-    12.0000
w50:     30.00 ms     32.67 mP
s1400:    2.00
log tau_s:    -1.45
d,z:       7.38    -.05   bc
model d:       7.38  (model 1)
L:       2.94
age:     5.93
Edot:   32.94
B:      12.60
