
PSR:    J1851+0418      B1848+04           Type: I           Scode:      0
RAB:    18:48:34.39000  +/- 00:00:0 .01000
DECB:  +04:14:35.6000   +/- 00:00:0 .1000
RAJ:    18:51:03.28116  +/- 00:00:0 .01000
DECJ:  +04:18:11.7034   +/- 00:00:0 .1000
l,b:     36.720   2.046
P:       .284696999999999980  +/-   .000000500000000000
Pdot:   1.600000D-18  +/-    1.000000D-19
Pepoch: 45062.
DM:      112.0000  +/-      .2000
w50:     75.00 ms    263.44 mP
s1400:    1.00
d,z:       3.13     .11   aa
model d:       3.13  (model 1)
L:       2.07
age:     9.45
Edot:   30.44
B:      10.33
