
PSR:    J1824-1945      B1821-19                             Scode:   5010
RAB:    18:21:02.78000  +/- 00:00:0 .04002
DECB:  -19:47:29.0000   +/- 00:00:08.0031
RAJ:    18:24:0 .45306  +/- 00:00:0 .04002
DECJ:  -19:45:50.6612   +/- 00:00:08.0031
l,b:     12.279  -3.106
P:       .189333599770000000  +/-   .000000000020000000
Pdot:   5.224800D-15  +/-    1.300000D-18
Pepoch: 46800.
DM:      224.3000  +/-      .4000
w50:     23.40 ms    123.59 mP
s400:    71.00
s1400:    6.10
RM:     -303.00  +/-   15.00
log tau_s:  < -3.47
d,z:       5.19    -.28   bb
model d:       5.19  (model 1)
L:       3.28
age:     5.76
Edot:   34.48
B:      12.00
