
PSR:    J1320-5359      B1317-53                             Scode:   4010
RAB:    13:17:49.11500  +/- 00:00:0 .01403
DECB:  -53:43:23.7600   +/- 00:00:0 .1801
RAJ:    13:20:53.92223  +/- 00:00:0 .01403
DECJ:  -53:59:06.3812   +/- 00:00:0 .1801
l,b:    307.305   8.636
P:       .279729147244000000  +/-   .000000000004000000
Pdot:   9.254300D-15  +/-    2.000000D-19
Pepoch: 46800.
DM:       97.6000  +/-      .6000
w50:      8.00 ms     28.60 mP
s400:    18.00
RM:      160.00  +/-   10.00
d,z:       4.23     .64   bb
model d:       4.23  (model 1)
L:       2.51
age:     5.68
Edot:   34.22
B:      12.21
