
PSR:    J1720-1633      B1717-16                             Scode:   4200
RAB:    17:17:31.90000  +/- 00:00:0 .09997
DECB:  -16:30:32.0000   +/- 00:00:12.0046
RAJ:    17:20:25.18120  +/- 00:00:0 .09997
DECJ:  -16:33:30.4248   +/- 00:00:12.0046
l,b:      7.375  11.537
P:      1.565599431599999900  +/-   .000000000700000000
Pdot:   5.820000D-15  +/-    2.000000D-17
Pepoch: 46262.
DM:       42.0000  +/-     4.0000
w50:     16.20 ms     10.35 mP
s400:    13.00
s1400:    1.10
d,z:       1.69     .34   aa
model d:       1.69  (model 1)
L:       1.57
age:     6.63
Edot:   31.78
B:      12.49
