
PSR:    J0117+5914      B0114+58                             Scode:    200
RAB:    01:14:28.54800  +/- 00:00:0 .00700
DECB:  +58:58:50.4500   +/- 00:00:0 .0699
RAJ:    01:17:38.70156  +/- 00:00:0 .00700
DECJ:  +59:14:37.8517   +/- 00:00:0 .0699
l,b:    126.283  -3.457
P:       .101438374828600010  +/-   .000000000001100000
Pdot:   5.845560D-15  +/-    7.000000D-20
Pepoch: 48382.
DM:       49.4500  +/-      .0500
w50:      4.10 ms     40.42 mP
s400:     7.60
s1400:     .30
d,z:       2.14    -.13   aa
model d:       2.14  (model 1)
L:       1.54
age:     5.44
Edot:   35.35
B:      11.89
