
PSR:    J1835-0643      B1832-06                             Scode:    100
RAB:    18:32:24.00000  +/- 00:00:0 .19939
DECB:  -06:45:32.0000   +/- 00:00:04.9916
RAJ:    18:35:05.57453  +/- 00:00:0 .19939
DECJ:  -06:43:04.9785   +/- 00:00:04.9916
l,b:     25.093    .552
P:       .305821242130000000  +/-   .000000000040000000
Pdot:   4.046100D-14  +/-    4.000000D-18
Pepoch: 47000.
DM:      463.0000  +/-    17.0000
w50:     29.00 ms     94.83 mP
s1400:    2.60
log tau_s:     -.67
d,z:       6.34     .06   bb
model d:       6.34  (model 1)
L:       2.11
age:     5.08
Edot:   34.75
B:      12.55
