
PSR:    J1952+1411      B1949+14                             Scode:    400
RAB:    19:49:43.00000  +/- 00:00:08.00307
DECB:  +14:02:60.0000   +/- 00:02:0 .0461
RAJ:    19:52:01.89366  +/- 00:00:08.00307
DECJ:  +14:10:46.1192   +/- 00:02:0 .0461
l,b:     52.548  -6.534
P:       .275044000000000010  +/-   .000005000000000000
DM:       60.0000  +/-    10.0000
s400:     6.00
d,z:       3.26    -.37   aa
model d:       3.26  (model 1)
