
PSR:    J1651-5222      B1647-52                             Scode:   4010
RAB:    16:47:46.67000  +/- 00:00:0 .04002
DECB:  -52:17:55.8000   +/- 00:00:0 .8003
RAJ:    16:51:42.96831  +/- 00:00:0 .04002
DECJ:  -52:22:58.2064   +/- 00:00:0 .8003
l,b:    335.014  -5.172
P:       .635055976470000010  +/-   .000000000120000000
Pdot:   1.812000D-15  +/-    5.000000D-18
Pepoch: 43557.
DM:      179.1000  +/-      .6000
w50:     16.00 ms     25.19 mP
s400:    23.00
s1400:    2.00
d,z:       6.39    -.58   cc
model d:       6.39  (model 1)
L:       2.97
age:     6.75
Edot:   32.45
B:      12.04
