
PSR:    J1948+3540      B1946+35                             Scode:  20062
RAB:    19:46:33.95000  +/- 00:00:0 .00199
DECB:  +35:32:38.2900   +/- 00:00:0 .0200
RAJ:    19:48:25.03726  +/- 00:00:0 .00199
DECJ:  +35:40:11.2775   +/- 00:00:0 .0200
Epoch:  42221.
PMRA:    -9.000  +/-     7.000
PMDEC:   -4.000  +/-     8.000
l,b:     70.702   5.047
P:       .717306765256999990  +/-   .000000000011000000
Pdot:   7.052120D-15  +/-    9.000000D-20
Pepoch: 42221.
DM:      129.0500  +/-      .0400
w50:     19.30 ms     26.91 mP
s400:   145.00
s1400:    8.30
RM:      116.00  +/-    6.00
log tau_s:    -3.67
d,z:       7.86     .69   ab
model d:       7.86  (model 1)
L:       3.95
age:     6.21
Edot:   32.88
B:      12.36
