
PSR:    J0711-6830      B                  Type: MR          Scode:   4000
RAB:    07:11:09.39387  +/- 00:00:32.03980
DECB:  -68:24:54.0859   +/- 00:03:0 .0692
RAJ:    07:11:02.00000  +/- 00:00:32.03980
DECJ:  -68:29:60.0000   +/- 00:03:0 .0692
l,b:    279.495 -23.353
P:       .005490970000000000  +/-   .000000090000000000
DM:       18.2000  +/-      .5000
w50:      1.30 ms    236.75 mP
s400:     7.00
s1400:     .80
d,z:       1.03    -.41   aa
model d:       1.03  (model 1)
