
PSR:    J2307+2225      B                                    Scode:  10000
RAB:    23:05:13.86181  +/- 00:00:0 .01299
DECB:  +22:09:35.2681   +/- 00:00:0 .1900
RAJ:    23:07:41.28800  +/- 00:00:0 .01299
DECJ:  +22:25:50.1200   +/- 00:00:0 .1900
l,b:     93.570 -34.458
P:       .535828895431999960  +/-   .000000000007000000
Pdot:   8.700000D-18  +/-    7.000000D-19
Pepoch: 49080.
DM:        7.0800  +/-      .0300
w50:     11.00 ms     20.53 mP
s400:     2.00
d,z:        .38    -.22   aa
model d:        .38  (model 1)
L:       -.54
age:     8.99
Edot:   30.35
B:      10.84
