
PSR:    J1341-6220      B1338-62           Type: GS          Scode:   1000
RAB:    13:38:15.20000  +/- 00:00:0 .19939
DECB:  -62:05:17.0000   +/- 00:00:02.0008
RAJ:    13:41:42.53865  +/- 00:00:0 .19939
DECJ:  -62:20:25.2284   +/- 00:00:02.0008
l,b:    308.729   -.036
P:       .193292119399999990  +/-   .000000000200000000
Pdot:   2.532300D-13  +/-    4.000000D-17
Pepoch: 48657.
DM:      730.0000  +/-    10.0000
w50:     11.00 ms     56.91 mP
s1400:    2.00
RM:     -900.00  +/-   40.00
log tau_s:    -1.53
d,z:       8.66    -.01   bc
model d:       8.66  (model 1)
L:       2.99
age:     4.08
Edot:   36.14
B:      12.85
