
PSR:    J0745-5351      B0743-53                             Scode:   4010
RAB:    07:43:50.50000  +/- 00:00:0 .50054
DECB:  -53:44:01.0000   +/- 00:00:02.0008
RAJ:    07:45:02.31258  +/- 00:00:0 .50054
DECJ:  -53:51:22.0382   +/- 00:00:02.0008
l,b:    266.630 -14.275
P:       .214836351399999990  +/-   .000000000500000000
Pdot:   2.730000D-15  +/-    3.000000D-17
Pepoch: 43780.
DM:      122.3000  +/-     1.9000
w50:     13.00 ms     60.51 mP
s400:    23.00
RM:      -72.00  +/-    5.00
log tau_s:  < -3.36
d,z:    >  7.14   -1.76   b 
model d:    >  7.14  (model 1)
L:       3.07
age:     6.10
Edot:   34.04
B:      11.89
