
PSR:    J2022+5154      B2021+51                             Scode:    262
RAB:    20:21:25.31200  +/- 00:00:0 .00199
DECB:  +51:45:07.6400   +/- 00:00:0 .0200
RAJ:    20:22:49.90049  +/- 00:00:0 .00199
DECJ:  +51:54:50.0591   +/- 00:00:0 .0200
Epoch:  40614.
PMRA:     6.000  +/-     4.000
PMDEC:   17.000  +/-     4.000
l,b:     87.862   8.380
P:       .529197379219999990  +/-   .000000000002000000
Pdot:   3.065540D-15  +/-    1.100000D-19
Pepoch: 48382.
DM:       22.5800  +/-      .0040
w50:      7.40 ms     13.98 mP
s400:    77.00
s1400:   27.00
RM:       -6.50  +/-     .90
log tau_s:    -7.88
d,z:       1.22     .18   ba
model d:       1.22  (model 1)
L:       2.06
age:     6.44
Edot:   32.91
B:      12.11
