
PSR:    J0417+35        B                                    Scode:  20000
RAB:    04:14:26.12323  +/- 00:00:15.95115
DECB:  +35:36:40.9918   +/- 00:04:59.0840
RAJ:    04:17:43.00000  +/- 00:00:15.95115
DECJ:  +35:43:60.0000   +/- 00:04:59.0840
l,b:    163.231 -10.530
P:       .653997999999999970  +/-   .000001000000000000
DM:       50.0000  +/-    10.0000
d,z:       2.60    -.48   bb
model d:       2.60  (model 1)
