
PSR:    J1116-4122      B1114-41                             Scode:   4010
RAB:    11:14:20.62100  +/- 00:00:0 .00899
DECB:  -41:06:21.3600   +/- 00:00:0 .1200
RAJ:    11:16:43.09438  +/- 00:00:0 .00899
DECJ:  -41:22:44.6361   +/- 00:00:0 .1200
l,b:    284.451  18.069
P:       .943157882843000060  +/-   .000000000007000000
Pdot:   7.953600D-15  +/-    4.000000D-19
Pepoch: 48383.
DM:       40.5300  +/-      .0300
w50:     14.00 ms     14.84 mP
s400:    26.00
s1400:    3.00
log tau_s:  < -5.63
d,z:       2.68     .83   bb
model d:       2.68  (model 1)
L:       2.27
age:     6.27
Edot:   32.57
B:      12.44
