
PSR:    J1909+1450      B                                    Scode:   2000
RAB:    19:07:10.07526  +/- 00:00:0 .08003
DECB:  +14:46:03.7338   +/- 00:00:02.0008
RAJ:    19:09:26.96000  +/- 00:00:0 .08003
DECJ:  +14:50:58.0000   +/- 00:00:02.0008
l,b:     48.181   2.827
P:       .996107795200000030  +/-   .000000000400000000
Pdot:   2.190000D-16  +/-    1.500000D-17
Pepoch: 49080.
DM:      119.5000  +/-      .2000
w50:     36.00 ms     36.14 mP
s400:     1.10
d,z:       4.94     .24   aa
model d:       4.94  (model 1)
L:       1.43
age:     7.86
Edot:   30.94
B:      11.68
