
PSR:    J1926+1648      B1924+16                             Scode:   2504
RAB:    19:24:30.30200  +/- 00:00:0 .00600
DECB:  +16:42:27.2300   +/- 00:00:0 .1900
RAJ:    19:26:45.33653  +/- 00:00:0 .00600
DECJ:  +16:48:33.0139   +/- 00:00:0 .1900
l,b:     51.859    .063
P:       .579811895560000010  +/-   .000000000050000000
Pdot:   1.800350D-14  +/-    7.000000D-19
Pepoch: 42835.
DM:      177.0000  +/-      .0700
w50:     14.60 ms     25.18 mP
s400:     8.00
s1400:    1.30
RM:      320.00  +/-   14.00
d,z:       7.75     .01   aa
model d:       7.75  (model 1)
L:       2.68
age:     5.71
Edot:   33.56
B:      12.51
