
PSR:    J1820-0427      B1818-04                             Scode:   4253
RAB:    18:18:13.65000  +/- 00:00:0 .00300
DECB:  -04:29:03.8800   +/- 00:00:0 .1099
RAJ:    18:20:52.62071  +/- 00:00:0 .00300
DECJ:  -04:27:38.4851   +/- 00:00:0 .1099
Epoch:  40614.
PMRA:     3.000  +/-     3.000
PMDEC:   27.000  +/-     2.000
l,b:     25.456   4.733
P:       .598072639299999990  +/-   .000000000050000000
Pdot:   6.337600D-15  +/-    5.000000D-19
Pepoch: 40622.
DM:       84.3800  +/-      .0200
w50:     10.10 ms     16.89 mP
s400:   157.00
s1400:    8.00
RM:       69.20  +/-     .20
log tau_s:    -4.57
dl,du:      .00    2.10
d,z:       2.10     .17   aa
model d:       2.44  (model 1)
L:       2.84
age:     6.18
Edot:   33.07
B:      12.29
