
PSR:    J0908-4913      B0906-49           Type: I           Scode:   5000
RAB:    09:06:54.46000  +/- 00:00:0 .09997
DECB:  -49:00:54.4000   +/- 00:00:0 .8993
RAJ:    09:08:35.53496  +/- 00:00:0 .09997
DECJ:  -49:13:06.5464   +/- 00:00:0 .8993
l,b:    270.266  -1.019
P:       .106754592500000000  +/-   .000000000030000000
Pdot:   1.515100D-14  +/-    2.000000D-18
Pepoch: 46546.
DM:      179.0000  +/-     2.0000
w50:      8.00 ms     74.94 mP
s1400:   16.00
RM:       10.00  +/-     .16
d,z:       6.57    -.12   bb
model d:       6.57  (model 1)
L:       3.34
age:     5.05
Edot:   35.69
B:      12.11
