
PSR:    J0141+6009      B0138+59                             Scode:    200
RAB:    01:38:17.22400  +/- 00:00:0 .00700
DECB:  +59:54:24.0200   +/- 00:00:0 .0499
RAJ:    01:41:39.94657  +/- 00:00:0 .00700
DECJ:  +60:09:32.2792   +/- 00:00:0 .0499
l,b:    129.147  -2.105
P:      1.222948267230000100  +/-   .000000000080000000
Pdot:   3.904000D-16  +/-    8.000000D-19
Pepoch: 41794.
DM:       34.8000  +/-      .0500
w50:     34.90 ms     28.54 mP
s400:    49.00
s1400:    4.50
RM:      -48.00  +/-    3.00
log tau_s:    -7.09
dl,du:     1.90    3.60
d,z:       1.90    -.07   aa
model d:       1.78  (model 1)
L:       2.25
age:     7.70
Edot:   30.93
B:      11.85
