
PSR:    J2108+4441      B2106+44                             Scode:    222
RAB:    21:06:31.75200  +/- 00:00:0 .01000
DECB:  +44:29:37.6000   +/- 00:00:0 .1000
RAJ:    21:08:20.47823  +/- 00:00:0 .01000
DECJ:  +44:41:48.7894   +/- 00:00:0 .1000
l,b:     86.910  -2.012
P:       .414870534238000020  +/-   .000000000003000000
Pdot:   8.619000D-17  +/-    1.500000D-19
Pepoch: 48383.
DM:      139.8800  +/-      .0300
w50:     27.20 ms     65.56 mP
s400:    26.00
s1400:    5.40
RM:      -14.00  +/-    9.00
d,z:       5.29    -.19   ab
model d:       5.29  (model 1)
L:       2.86
age:     7.88
Edot:   31.68
B:      11.28
