
PSR:    J2150+5247      B2148+52                             Scode:    240
RAB:    21:48:51.14300  +/- 00:00:0 .00700
DECB:  +52:33:45.1300   +/- 00:00:0 .0499
RAJ:    21:50:37.74235  +/- 00:00:0 .00700
DECJ:  +52:47:49.6673   +/- 00:00:0 .0499
l,b:     97.521   -.915
P:       .332204526858099980  +/-   .000000000001300000
Pdot:   1.010608D-14  +/-    8.000000D-20
Pepoch: 48382.
DM:      148.9400  +/-      .0200
w50:     11.10 ms     33.41 mP
s400:    15.60
s1400:    2.00
d,z:       5.67    -.09   bb
model d:       5.67  (model 1)
L:       2.70
age:     5.72
Edot:   34.04
B:      12.27
