
PSR:    J1916+0951      B1914+09                             Scode:   2714
RAB:    19:14:09.51300  +/- 00:00:0 .00400
DECB:  +09:46:02.7200   +/- 00:00:0 .0699
RAJ:    19:16:32.34477  +/- 00:00:0 .00400
DECJ:  +09:51:26.2708   +/- 00:00:0 .0699
l,b:     44.557  -1.019
P:       .270254106886400000  +/-   .000000000001400000
Pdot:   2.518440D-15  +/-    7.000000D-20
Pepoch: 48381.
DM:       61.4000  +/-      .0300
w50:      5.10 ms     18.87 mP
s400:    20.00
s1400:    1.00
RM:      100.00  +/-    6.00
d,z:       2.90    -.05   aa
model d:       2.90  (model 1)
L:       2.23
age:     6.23
Edot:   33.70
B:      11.92
