
PSR:    J2139+2242      B                                    Scode:      0
RAB:    21:37:09.34892  +/- 00:00:0 .29977
DECB:  +22:29:03.4341   +/- 00:00:04.9916
RAJ:    21:39:27.00000  +/- 00:00:0 .29977
DECJ:  +22:42:40.0000   +/- 00:00:04.9916
l,b:     75.293 -21.921
P:      1.083513482000000100  +/-   .000000002000000000
Pdot:   1.300000D-15  +/-    3.000000D-16
Pepoch: 49542.
DM:       44.0000  +/-      .3000
d,z:    >  4.71   -1.76   c 
model d:    >  4.71  (model 1)
L:        .00
age:     7.12
Edot:   31.61
B:      12.08
