
PSR:    J1745-3040      B1742-30                             Scode:   1110
RAB:    17:42:43.01500  +/- 00:00:0 .00199
DECB:  -30:39:15.1000   +/- 00:00:0 .2991
RAJ:    17:45:56.29858  +/- 00:00:0 .00199
DECJ:  -30:40:23.5756   +/- 00:00:0 .2991
l,b:    358.553   -.963
P:       .367427363108999980  +/-   .000000000001600000
Pdot:   1.066487D-14  +/-    1.000000D-19
Pepoch: 48381.
DM:       88.3870  +/-      .0110
w50:      7.20 ms     19.60 mP
s400:    66.00
s1400:   14.00
RM:      101.00  +/-    7.00
d,z:       2.08    -.03   aa
model d:       2.08  (model 1)
L:       2.46
age:     5.74
Edot:   33.93
B:      12.30
