
PSR:    J2018+2839      B2016+28                             Scode:    222
RAB:    20:16:0 .17800  +/- 00:00:0 .00199
DECB:  +28:30:30.1100   +/- 00:00:0 .0299
RAJ:    20:18:03.85080  +/- 00:00:0 .00199
DECJ:  +28:39:54.2643   +/- 00:00:0 .0299
Epoch:  40105.
PMRA:     2.000  +/-     3.000
PMDEC:    1.000  +/-     2.000
l,b:     68.099  -3.983
P:       .557953407279999980  +/-   .000000000003000000
Pdot:   1.493600D-16  +/-    2.000000D-20
Pepoch: 40689.
DM:       14.1760  +/-      .0070
w50:     14.90 ms     26.70 mP
s400:   314.00
s1400:   30.00
RM:      -34.60  +/-    1.40
log tau_s:    -7.41
dl,du:     1.10   99.00
d,z:       1.10    -.08   ba
model d:        .75  (model 1)
L:       2.58
age:     7.77
Edot:   31.53
B:      11.47
