
PSR:    J1807-2715      B1804-27                             Scode:   4010
RAB:    18:04:02.00000  +/- 00:00:01.99389
DECB:  -27:15:40.0000   +/- 00:00:29.9084
RAJ:    18:07:10.17520  +/- 00:00:01.99389
DECJ:  -27:15:15.5103   +/- 00:00:29.9084
l,b:      3.843  -3.264
P:       .827770612000000020  +/-   .000000003000000000
Pdot:   1.225000D-14  +/-    6.000000D-17
Pepoch: 44326.
DM:      313.3000  +/-      .6000
w50:     12.60 ms     15.22 mP
s400:    25.00
s1400:     .60
RM:      -47.00  +/-   14.00
d,z:       9.67    -.55   cc
model d:       9.67  (model 1)
L:       3.37
age:     6.03
Edot:   32.93
B:      12.51
