
PSR:    J1840+5640      B1839+56                             Scode:      0
RAB:    18:39:50.80000  +/- 00:00:0 .05005
DECB:  +56:38:0 .3000   +/- 00:00:0 .4002
RAJ:    18:40:44.59373  +/- 00:00:0 .05005
DECJ:  +56:40:55.5788   +/- 00:00:0 .4002
Epoch:  48381.
PMRA:   -30.000  +/-     4.000
PMDEC:  -21.000  +/-     2.000
l,b:     86.079  23.819
P:      1.652861809460000100  +/-   .000000000050000000
Pdot:   1.495000D-15  +/-    3.000000D-18
Pepoch: 48381.
DM:       26.5400  +/-      .1700
w50:     27.10 ms     16.40 mP
s400:    21.00
s1400:    4.00
RM:       -3.00  +/-    3.00
log tau_s:    -6.98
d,z:       1.69     .68   bb
model d:       1.69  (model 1)
L:       1.78
age:     7.24
Edot:   31.12
B:      12.20
