
PSR:    J0357+5236      B0353+52                             Scode:     40
RAB:    03:53:56.33200  +/- 00:00:0 .00400
DECB:  +52:28:20.9900   +/- 00:00:0 .0699
RAJ:    03:57:44.81501  +/- 00:00:0 .00400
DECJ:  +52:36:57.6927   +/- 00:00:0 .0699
l,b:    149.099   -.522
P:       .197030035027600000  +/-   .000000000000400000
Pdot:   4.766600D-16  +/-    3.000000D-20
Pepoch: 48416.
DM:      103.6500  +/-      .0120
w50:     12.50 ms     63.44 mP
s400:    12.00
s1400:    1.90
RM:      261.00  +/-   13.00
d,z:       4.72    -.04   bb
model d:       4.72  (model 1)
L:       2.43
age:     6.82
Edot:   33.39
B:      11.49
