
PSR:    J1919+0021      B1917+00                             Scode:  24252
RAB:    19:17:17.21800  +/- 00:00:0 .00400
DECB:  +00:16:03.3200   +/- 00:00:0 .1401
RAJ:    19:19:50.63726  +/- 00:00:0 .00400
DECJ:  +00:21:40.1752   +/- 00:00:0 .1401
Epoch:  42426.
PMRA:    -2.000  +/-    30.000
PMDEC:   -1.000  +/-    10.000
l,b:     36.506  -6.151
P:      1.272255731970000100  +/-   .000000000040000000
Pdot:   7.676400D-15  +/-    2.000000D-19
Pepoch: 42426.
DM:       90.7000  +/-      .5000
w50:     10.10 ms      7.94 mP
s400:    16.00
s1400:     .80
RM:      120.00  +/-    7.00
d,z:       3.33    -.36   aa
model d:       3.33  (model 1)
L:       2.25
age:     6.42
Edot:   32.17
B:      12.50
