
PSR:    J1854-1421      B1851-14                             Scode:     10
RAB:    18:51:53.85000  +/- 00:00:0 .08003
DECB:  -14:25:21.0000   +/- 00:00:06.0023
RAJ:    18:54:44.29510  +/- 00:00:0 .08003
DECJ:  -14:21:29.9580   +/- 00:00:06.0023
l,b:     20.455  -7.209
P:      1.146592681300000000  +/-   .000000000300000000
Pdot:   4.171000D-15  +/-    9.000000D-18
Pepoch: 43895.
DM:      130.1000  +/-      .6000
w50:     18.90 ms     16.48 mP
s400:     8.00
RM:      103.00  +/-    9.00
d,z:       5.21    -.65   bb
model d:       5.21  (model 1)
L:       2.34
age:     6.64
Edot:   32.04
B:      12.35
