
PSR:    J0840-5332      B0839-53                             Scode:   4010
RAB:    08:39:09.20000  +/- 00:00:0 .14026
DECB:  -53:21:51.9000   +/- 00:00:01.0004
RAJ:    08:40:33.88136  +/- 00:00:0 .14026
DECJ:  -53:32:35.5920   +/- 00:00:01.0004
l,b:    270.774  -7.143
P:       .720611768100000050  +/-   .000000000300000000
Pdot:   1.651000D-15  +/-    1.300000D-17
Pepoch: 43557.
DM:      156.5000  +/-     1.0000
w50:     23.00 ms     31.92 mP
s400:    19.00
s1400:    2.00
RM:       81.00  +/-    3.00
log tau_s:  < -3.40
d,z:       7.78    -.97   c 
model d:       7.78  (model 1)
L:       3.06
age:     6.84
Edot:   32.24
B:      12.04
