
PSR:    J0455-6947      B0456-69           Type: E           Scode:      0
RAB:    04:56:20.00000  +/- 00:02:0 .04612
DECB:  -69:52:0 .0000   +/- 00:20:0 .4612
RAJ:    04:55:58.92305  +/- 00:02:0 .04612
DECJ:  -69:47:24.4403   +/- 00:20:0 .4612
l,b:    281.203 -35.193
P:       .320421300000000020  +/-   .000000100000000000
Pdot:   3.300000D-14  +/-    5.000000D-15
Pepoch: 47212.
DM:       91.0000  +/-     2.0000
s400:      .60
dl,du:    46.00   52.80
d,z:      49.40  -28.47   aa
model d:    >  3.06  (model 1)
L:       3.17
age:     5.19
Edot:   34.60
B:      12.52
