
PSR:    J1804-0735      B1802-07           Type: BCMR        Scode:      0
RAB:    18:02:07.22500  +/- 00:00:0 .00199
DECB:  -07:35:39.8500   +/- 00:00:0 .1099
RAJ:    18:04:49.89574  +/- 00:00:0 .00199
DECJ:  -07:35:24.6542   +/- 00:00:0 .1099
l,b:     20.792   6.773
P:       .023100855211619999  +/-   .000000000000030000
Pdot:   4.750000D-19  +/-    9.000000D-21
Pepoch: 48540.
DM:      186.3800  +/-      .0100
s400:     3.10
s1400:     .60
dl,du:     2.80    3.40
d,z:       3.10     .37   ac
model d:      11.63  (model 1)
L:       1.47
age:     8.89
Edot:   33.18
B:       9.53
x:         3.9204700  +/-      .0000400
e:          .211999000  +/-      .000015000
T0:     49401.19075000  +/-       .00012000
Pb (s):    226088.3577600  +/-           .0432000
Pb (d):    2.616763400000  +/-      .000000500000
Om:      164.928000  +/-     .0180000
Omd:        .060000  +/-      .009000
