
PSR:    J1300+1240      B1257+12           Type: BMR         Scode: 200000
RAB:    12:57:33.12730  +/- 00:00:0 .00003
DECB:  +12:57:06.4060   +/- 00:00:0 .0010
RAJ:    13:00:03.03818  +/- 00:00:0 .00003
DECJ:  +12:40:57.1426   +/- 00:00:0 .0010
Epoch:  49788.
PMRA:    46.400  +/-      .600
PMDEC:  -82.900  +/-      .900
l,b:    311.301  75.414
P:       .006218531938818700  +/-   .000000000000000200
Pdot:   1.143340D-19  +/-    6.000000D-24
Pepoch: 48788.
DM:       10.1860  +/-      .0010
w50:       .58 ms     93.27 mP
s400:    20.00
s1400:    1.00
d,z:        .62     .60   ba
model d:        .62  (model 1)
L:        .89
age:     8.94
Edot:   34.27
B:       8.93
x:          .0013106  +/-      .0000006
e:          .018200000  +/-      .000900000
T0:     48769.80000000  +/-       .60000000
Pb (s):   5748710.4000000  +/-         86.4000000
Pb (d):   66.536000000000  +/-      .001000000000
Om:      249.000000  +/-    3.0000000
x2:         .0014121  +/-      .0000006
e2:         .026400000  +/-      .000900000
T02:    48783.90000000  +/-       .60000000
Pb2(s):   8486467.2000000  +/-        172.8000000
Pb2(d):   98.223000000000  +/-      .002000000000
Om2:     106.000000  +/-    2.0000000
