
PSR:    J0904-4246      B0903-42                             Scode:   4010
RAB:    09:03:08.19000  +/- 00:00:0 .09997
DECB:  -42:34:13.0000   +/- 00:00:01.0004
RAJ:    09:04:59.18555  +/- 00:00:0 .09997
DECJ:  -42:46:14.0658   +/- 00:00:01.0004
l,b:    265.075   2.859
P:       .965170998700000000  +/-   .000000000400000000
Pdot:   1.887000D-15  +/-    1.800000D-17
Pepoch: 43558.
DM:      146.3000  +/-     1.8000
w50:     26.00 ms     26.94 mP
s400:     8.00
RM:      284.00  +/-   15.00
d,z:       4.40     .22   bb
model d:       4.40  (model 1)
L:       2.19
age:     6.91
Edot:   31.92
B:      12.14
