
PSR:    J1916+1312      B1914+13                             Scode:   2104
RAB:    19:14:39.71500  +/- 00:00:0 .00800
DECB:  +13:07:24.2000   +/- 00:00:0 .2991
RAJ:    19:16:58.69920  +/- 00:00:0 .00800
DECJ:  +13:12:49.7005   +/- 00:00:0 .2991
l,b:     47.576    .451
P:       .281842034269000010  +/-   .000000000005000000
Pdot:   3.655900D-15  +/-    3.000000D-19
Pepoch: 48382.
DM:      236.8580  +/-      .0180
w50:     13.10 ms     46.48 mP
s400:    12.00
s1400:    1.90
RM:      280.00  +/-   15.00
log tau_s:    -4.44
dl,du:     3.30    7.40
d,z:       6.15     .05   aa
model d:       6.15  (model 1)
L:       2.66
age:     6.09
Edot:   33.81
B:      12.01
