
PSR:    J1904+0004      B                                    Scode:   4000
RAB:    19:01:35.26721  +/- 00:00:19.93893
DECB:  -00:00:31.4665   +/- 00:04:59.0840
RAJ:    19:04:09.00000  +/- 00:00:19.93893
DECJ:  +00:04:0 .0000   +/- 00:04:59.0840
l,b:     34.442  -2.798
P:       .139525000000000010  +/-   .000001000000000000
DM:      234.0000  +/-     1.0000
w50:     12.00 ms     86.01 mP
s400:    16.00
s1400:    2.20
d,z:       6.43    -.31   aa
model d:       6.43  (model 1)
