
PSR:    J0255-5304      B0254-53                             Scode:   4011
RAB:    02:54:24.19600  +/- 00:00:0 .00800
DECB:  -53:16:24.7300   +/- 00:00:0 .0800
RAJ:    02:55:56.22143  +/- 00:00:0 .00800
DECJ:  -53:04:21.3613   +/- 00:00:0 .0800
Epoch:  46916.
PMRA:      .000  +/-    20.000
PMDEC:   70.000  +/-    15.000
l,b:    269.862 -55.310
P:       .447708444057999980  +/-   .000000000003000000
Pdot:   3.060000D-17  +/-    3.000000D-19
Pepoch: 46800.
DM:       15.9000  +/-      .5000
w50:      9.00 ms     20.10 mP
s400:    17.00
s1400:    3.00
d,z:       1.15    -.95   bc
model d:       1.15  (model 1)
L:       1.35
age:     8.37
Edot:   31.13
B:      11.07
