
PSR:    J0601-0527      B0559-05                             Scode:   4010
RAB:    05:59:31.60600  +/- 00:00:0 .00400
DECB:  -05:27:47.2300   +/- 00:00:0 .1200
RAJ:    06:01:58.98335  +/- 00:00:0 .00400
DECJ:  -05:27:50.5287   +/- 00:00:0 .1200
Epoch:  48382.
PMRA:    18.000  +/-     8.000
PMDEC:  -16.000  +/-     7.000
l,b:    212.199 -13.481
P:       .395969057355600010  +/-   .000000000001500000
Pdot:   1.302650D-15  +/-    9.000000D-20
Pepoch: 48382.
DM:       80.5140  +/-      .0190
w50:     11.60 ms     29.30 mP
s400:    22.70
s1400:    2.50
RM:       67.00  +/-    5.00
d,z:    >  7.54   -1.76   a 
model d:    >  7.54  (model 1)
L:       3.11
age:     6.68
Edot:   32.92
B:      11.86
