
PSR:    J1946+1805      B1944+17           Type: I           Scode: 102417
RAB:    19:44:38.75400  +/- 00:00:0 .00400
DECB:  +17:58:15.3500   +/- 00:00:0 .0899
RAJ:    19:46:53.04331  +/- 00:00:0 .00400
DECJ:  +18:05:41.5891   +/- 00:00:0 .0899
Epoch:  42320.
PMRA:     1.000  +/-     5.000
PMDEC:   -9.000  +/-     4.000
l,b:     55.326  -3.500
P:       .440618476059000010  +/-   .000000000004000000
Pdot:   2.440000D-17  +/-    2.000000D-19
Pepoch: 48381.
DM:       16.1100  +/-      .0500
w50:     13.50 ms     30.64 mP
s400:    40.00
s1400:   10.00
RM:      -28.00  +/-     .40
log tau_s:    -7.37
dl,du:      .00    2.60
d,z:        .85    -.05   aa
model d:        .85  (model 1)
L:       1.46
age:     8.46
Edot:   31.05
B:      11.02
