
PSR:    J1057-5226      B1055-52           Type: HI          Scode:   4011
RAB:    10:55:48.59000  +/- 00:00:0 .02998
DECB:  -52:10:51.9000   +/- 00:00:0 .2991
RAJ:    10:57:58.84053  +/- 00:00:0 .02998
DECJ:  -52:26:56.2893   +/- 00:00:0 .2991
l,b:    285.984   6.649
P:       .197107608186999990  +/-   .000000000015000000
Pdot:   5.833500D-15  +/-    7.000000D-19
Pepoch: 43556.
DM:       30.1000  +/-      .5000
w50:     14.00 ms     71.03 mP
s400:    80.00
RM:       47.20  +/-     .80
d,z:       1.53     .18   aa
model d:       1.53  (model 1)
L:       2.27
age:     5.73
Edot:   34.48
B:      12.04
