
PSR:    J2002+1637      B                                    Scode:   2000
RAB:    20:00:31.12362  +/- 00:00:0 .06999
DECB:  +16:28:49.4020   +/- 00:00:01.0994
RAJ:    20:02:47.77000  +/- 00:00:0 .06999
DECJ:  +16:37:16.7000   +/- 00:00:01.0994
l,b:     55.998  -7.517
P:       .276497483619999980  +/-   .000000000180000000
Pdot:   2.250000D-16  +/-    1.200000D-17
Pepoch: 49080.
DM:       94.3900  +/-      .0800
w50:      8.00 ms     28.93 mP
s400:      .40
d,z:       6.10    -.80   bb
model d:       6.10  (model 1)
L:       1.17
age:     7.29
Edot:   32.62
B:      11.40
