
PSR:    J1922+2018      B1920+20                             Scode:   2004
RAB:    19:20:08.00000  +/- 00:00:19.93893
DECB:  +20:12:16.0000   +/- 00:00:44.9657
RAJ:    19:22:18.64648  +/- 00:00:19.93893
DECJ:  +20:18:03.7650   +/- 00:00:44.9657
l,b:     54.439   2.643
P:      1.172760999999999900  +/-   .000007000000000000
DM:      203.0000  +/-     5.0000
w50:     69.10 ms     58.92 mP
s400:     3.80
d,z:      10.64     .49   bc
model d:      10.64  (model 1)
