
PSR:    J2116+1414      B2113+14                             Scode:     10
RAB:    21:13:51.08000  +/- 00:00:0 .01994
DECB:  +14:01:47.7000   +/- 00:00:0 .6002
RAJ:    21:16:13.75462  +/- 00:00:0 .01994
DECJ:  +14:14:21.2577   +/- 00:00:0 .6002
Epoch:  44240.
PMRA:     8.000  +/-    15.000
PMDEC:  -11.000  +/-     5.000
l,b:     64.464 -23.409
P:       .440152954810000000  +/-   .000000000040000000
Pdot:   2.900000D-16  +/-    1.000000D-18
Pepoch: 43986.
DM:       56.3000  +/-      .3000
w50:      9.50 ms     21.58 mP
s400:     9.00
s1400:     .80
RM:      -25.00  +/-    8.00
log tau_s:    -6.35
d,z:    >  4.43   -1.76   a 
model d:    >  4.43  (model 1)
L:       2.25
age:     7.38
Edot:   32.13
B:      11.56
