
PSR:    J2124+1407      B2122+13                             Scode:     40
RAB:    21:22:23.32100  +/- 00:00:0 .00700
DECB:  +13:54:22.0000   +/- 00:00:0 .2001
RAJ:    21:24:46.56992  +/- 00:00:0 .00700
DECJ:  +14:07:19.6339   +/- 00:00:0 .2001
l,b:     65.795 -25.092
P:       .694053226960000050  +/-   .000000000010000000
Pdot:   7.691000D-16  +/-    4.000000D-19
Pepoch: 46075.
DM:       30.0000  +/-      .3000
s400:     4.00
d,z:       2.08    -.88   ab
model d:       2.08  (model 1)
L:       1.24
age:     7.16
Edot:   31.96
B:      11.87
