
PSR:    J1319-6056      B1316-60                             Scode:   1000
RAB:    13:16:06.73000  +/- 00:00:0 .01994
DECB:  -60:41:01.6600   +/- 00:00:0 .1099
RAJ:    13:19:20.28768  +/- 00:00:0 .01994
DECJ:  -60:56:46.6706   +/- 00:00:0 .1099
l,b:    306.314   1.742
P:       .284351393040999990  +/-   .000000000006000000
Pdot:   1.526300D-15  +/-    2.000000D-19
Pepoch: 47911.
DM:      400.9400  +/-      .0400
w50:     14.00 ms     49.23 mP
s1400:    1.50
RM:     -238.00  +/-   25.00
log tau_s:    -2.84
d,z:      12.63     .38   cc
model d:      12.63  (model 1)
L:       3.42
age:     6.47
Edot:   33.42
B:      11.82
