
PSR:    J2055+3630      B2053+36                             Scode:    260
RAB:    20:53:33.24000  +/- 00:00:0 .04002
DECB:  +36:18:49.6000   +/- 00:00:0 .4992
RAJ:    20:55:31.34335  +/- 00:00:0 .04002
DECJ:  +36:30:21.1267   +/- 00:00:0 .4992
Epoch:  44240.
PMRA:    -3.000  +/-     7.000
PMDEC:    3.000  +/-     3.000
l,b:     79.133  -5.590
P:       .221508033510000010  +/-   .000000000030000000
Pdot:   3.648000D-16  +/-    8.000000D-19
Pepoch: 43891.
DM:       97.5000  +/-      .2000
w50:      7.20 ms     32.50 mP
s400:    28.00
s1400:    2.60
RM:      -68.00  +/-    4.00
log tau_s:    -4.30
d,z:       5.56    -.54   aa
model d:       5.56  (model 1)
L:       2.94
age:     6.98
Edot:   33.12
B:      11.46
