
PSR:    J1731-4744      B1727-47                             Scode:   4011
RAB:    17:27:55.38000  +/- 00:00:0 .01994
DECB:  -47:42:21.4000   +/- 00:00:0 .4992
RAJ:    17:31:41.99344  +/- 00:00:0 .01994
DECJ:  -47:44:33.0242   +/- 00:00:0 .4992
l,b:    342.566  -7.668
P:       .829723641480000000  +/-   .000000000040000000
Pdot:   1.636716D-13  +/-    7.000000D-19
Pepoch: 43494.
DM:      121.9000  +/-      .1000
w50:     20.00 ms     24.10 mP
s400:   190.00
s1400:   12.00
RM:     -429.10  +/-     .50
d,z:       4.87    -.65   bb
model d:       4.87  (model 1)
L:       3.65
age:     4.91
Edot:   34.05
B:      13.07
