
PSR:    J1825-0935      B1822-09           Type: I           Scode:   4052
RAB:    18:22:45.58700  +/- 00:00:0 .00600
DECB:  -09:37:08.1000   +/- 00:00:0 .4002
RAJ:    18:25:30.59592  +/- 00:00:0 .00600
DECJ:  -09:35:22.7695   +/- 00:00:0 .4002
Epoch:  48381.
PMRA:    10.000  +/-    19.000
PMDEC:  -23.000  +/-    19.000
l,b:     21.449   1.324
P:       .768979397911000010  +/-   .000000000012000000
Pdot:   5.236360D-14  +/-    7.000000D-19
Pepoch: 48381.
DM:       19.4600  +/-      .0400
w50:     11.70 ms     15.21 mP
s400:    36.00
s1400:   11.00
RM:       65.20  +/-     .20
log tau_s:    -6.66
dl,du:      .00    2.40
d,z:       1.01     .02   aa
model d:       1.01  (model 1)
L:       1.57
age:     5.37
Edot:   33.66
B:      12.81
