
PSR:    J2029+3744      B2027+37                             Scode:    200
RAB:    20:27:31.21000  +/- 00:00:0 .04002
DECB:  +37:34:05.3000   +/- 00:00:0 .4002
RAJ:    20:29:23.87219  +/- 00:00:0 .04002
DECJ:  +37:44:09.9859   +/- 00:00:0 .4002
l,b:     76.898   -.727
P:      1.216800773099999900  +/-   .000000000100000000
Pdot:   1.229900D-14  +/-    6.000000D-18
Pepoch: 46071.
DM:      189.0000  +/-     2.0000
w50:     22.30 ms     18.33 mP
s400:    18.00
s1400:     .60
d,z:       6.90    -.09   aa
model d:       6.90  (model 1)
L:       2.93
age:     6.20
Edot:   32.43
B:      12.59
