
PSR:    J1739-3131      B1736-31                             Scode:   1100
RAB:    17:36:09.80000  +/- 00:00:0 .09997
DECB:  -31:29:26.0000   +/- 00:00:12.0046
RAJ:    17:39:24.31989  +/- 00:00:0 .09997
DECJ:  -31:31:02.9874   +/- 00:00:12.0046
l,b:    357.099   -.219
P:       .529437558180000050  +/-   .000000000090000000
Pdot:   1.842800D-14  +/-    6.000000D-18
Pepoch: 47000.
DM:      600.0000  +/-     5.0000
w50:     22.10 ms     41.74 mP
s1400:    4.50
RM:       32.00  +/-    8.00
log tau_s:    -1.01
d,z:       7.67    -.03   cc
model d:       7.67  (model 1)
L:       1.93
age:     5.66
Edot:   33.69
B:      12.50
