
PSR:    J1756-2435      B1753-24                             Scode:   1100
RAB:    17:53:53.58000  +/- 00:00:0 .02998
DECB:  -24:35:15.0000   +/- 00:00:14.9955
RAJ:    17:56:57.91316  +/- 00:00:0 .02998
DECJ:  -24:35:34.9865   +/- 00:00:14.9955
l,b:      5.027    .044
P:       .670479898259999980  +/-   .000000000020000000
Pdot:   2.850000D-16  +/-    1.000000D-18
Pepoch: 47000.
DM:      365.0000  +/-     3.0000
s400:     8.40
s1400:    1.90
RM:     -130.00  +/-    7.00
log tau_s:    -1.53
d,z:       4.95     .00   bb
model d:       4.95  (model 1)
L:       2.31
age:     7.57
Edot:   31.57
B:      11.65
