
PSR:    J2046+5708      B2045+56                             Scode:     40
RAB:    20:45:30.08000  +/- 00:00:0 .04002
DECB:  +56:57:32.9000   +/- 00:00:0 .2991
RAJ:    20:46:46.68779  +/- 00:00:0 .04002
DECJ:  +57:08:37.3759   +/- 00:00:0 .2991
l,b:     94.200   8.637
P:       .476728761539999990  +/-   .000000000050000000
Pdot:   1.112500D-14  +/-    1.000000D-18
Pepoch: 46183.
DM:       99.0000  +/-     1.0000
w50:     14.00 ms     29.37 mP
s400:     4.60
s1400:     .30
d,z:       8.53    1.28   d 
model d:       8.53  (model 1)
L:       2.53
age:     5.83
Edot:   33.61
B:      12.37
