
PSR:    J0538+2817      B                                    Scode:      0
RAB:    05:35:15.54673  +/- 00:00:0 .04002
DECB:  +28:15:29.8990   +/- 00:00:04.9916
RAJ:    05:38:25.06000  +/- 00:00:0 .04002
DECJ:  +28:17:11.0000   +/- 00:00:04.9916
l,b:    179.718  -1.686
P:       .143157738759999990  +/-   .000000000050000000
Pdot:   3.665000D-15  +/-    5.000000D-18
Pepoch: 49444.
DM:       39.7000  +/-      .1000
d,z:       1.77    -.05   aa
model d:       1.77  (model 1)
L:        .00
age:     5.79
Edot:   34.69
B:      11.87
