
PSR:    J1848-1952      B1845-19                             Scode:     10
RAB:    18:45:20.55000  +/- 00:00:0 .08003
DECB:  -19:55:49.0000   +/- 00:00:01.0004
RAJ:    18:48:17.99935  +/- 00:00:0 .08003
DECJ:  -19:52:25.6883   +/- 00:00:01.0004
l,b:     14.773  -8.253
P:      4.308179262000000300  +/-   .000000001100000000
Pdot:   2.331000D-14  +/-    5.000000D-17
Pepoch: 43557.
DM:       18.2600  +/-      .1600
w50:     65.00 ms     15.09 mP
s400:    17.00
RM:        7.00  +/-    3.00
d,z:        .96    -.14   aa
model d:        .96  (model 1)
L:       1.20
age:     6.47
Edot:   31.06
B:      13.01
