
PSR:    J1832-1021      B1829-10                             Scode:   4100
RAB:    18:29:55.01000  +/- 00:00:0 .01000
DECB:  -10:23:50.6000   +/- 00:00:0 .4992
RAJ:    18:32:40.89819  +/- 00:00:0 .01000
DECJ:  -10:21:34.1732   +/- 00:00:0 .4992
l,b:     21.587   -.597
P:       .330353559543000000  +/-   .000000000008000000
Pdot:   4.205600D-15  +/-    2.000000D-19
Pepoch: 48000.
DM:      475.0000  +/-     1.0000
s400:     3.40
s1400:     .60
log tau_s:    -1.82
d,z:       6.42    -.07   bb
model d:       6.42  (model 1)
L:       2.15
age:     6.10
Edot:   33.66
B:      12.08
