
PSR:    J1603-2712      B1600-27                             Scode:   4010
RAB:    16:00:05.00000  +/- 00:00:01.99389
DECB:  -27:04:12.0000   +/- 00:00:29.9084
RAJ:    16:03:08.54194  +/- 00:00:01.99389
DECJ:  -27:12:26.9466   +/- 00:00:29.9084
l,b:    347.140  18.778
P:       .778311740000000030  +/-   .000000006000000000
Pdot:   2.920000D-15  +/-    1.400000D-16
Pepoch: 44328.
DM:       46.2000  +/-      .3000
w50:     20.00 ms     25.70 mP
s400:    20.00
s1400:    1.70
RM:       -5.00  +/-    3.00
d,z:       2.58     .83   bb
model d:       2.58  (model 1)
L:       2.12
age:     6.63
Edot:   32.39
B:      12.18
