
PSR:    J0946+0951      B0943+10                             Scode:     40
RAB:    09:43:27.00000  +/- 00:00:0 .19939
DECB:  +10:05:50.0000   +/- 00:00:02.9908
RAJ:    09:46:07.30592  +/- 00:00:0 .19939
DECJ:  +09:51:57.2537   +/- 00:00:02.9908
Epoch:      0.
PMRA:   -38.000  +/-    19.000
PMDEC:  -21.000  +/-    12.000
l,b:    225.411  43.125
P:      1.097703639519999900  +/-   .000000000140000000
Pdot:   3.529000D-15  +/-    2.000000D-18
Pepoch: 41665.
DM:       15.3500  +/-      .0100
w50:     40.80 ms     37.17 mP
s400:     4.00
RM:       13.30  +/-     .50
d,z:        .98     .67   ba
model d:        .98  (model 1)
L:        .59
age:     6.69
Edot:   32.02
B:      12.30
