
PSR:    J2215+1538      B                                    Scode:  30000
RAB:    22:13:14.12999  +/- 00:00:0 .00400
DECB:  +15:23:37.2189   +/- 00:00:0 .0699
RAJ:    22:15:39.65300  +/- 00:00:0 .00400
DECJ:  +15:38:34.8800   +/- 00:00:0 .0699
l,b:     76.783 -32.929
P:       .374195893041600000  +/-   .000000000001600000
Pdot:   2.367230D-15  +/-    1.600000D-19
Pepoch: 49080.
DM:       29.2600  +/-      .0060
w50:      8.00 ms     21.38 mP
s400:     3.70
d,z:       3.12   -1.70   c 
model d:       3.12  (model 1)
L:       1.56
age:     6.40
Edot:   33.25
B:      11.98
