
PSR:    J1001-5507      B0959-54                             Scode:   5011
RAB:    09:59:51.62000  +/- 00:00:0 .05005
DECB:  -54:52:39.1000   +/- 00:00:0 .4002
RAJ:    10:01:37.95365  +/- 00:00:0 .05005
DECJ:  -55:07:08.5720   +/- 00:00:0 .4002
l,b:    280.226    .084
P:      1.436582629199999900  +/-   .000000000120000000
Pdot:   5.139600D-14  +/-    1.200000D-17
Pepoch: 46800.
DM:      130.6000  +/-      .1000
w50:     16.00 ms     11.14 mP
s400:    80.00
s1400:    8.00
dl,du:      .00    7.80
d,z:       3.59     .01   aa
model d:       3.59  (model 1)
L:       3.01
age:     5.65
Edot:   32.84
B:      12.94
