
PSR:    J1903-0632      B1900-06                             Scode:   4012
RAB:    19:00:59.00000  +/- 00:00:01.99389
DECB:  -06:36:30.0000   +/- 00:00:44.9657
RAJ:    19:03:40.17741  +/- 00:00:01.99389
DECJ:  -06:32:0 .8096   +/- 00:00:44.9657
l,b:     28.488  -5.685
P:       .431884718999999970  +/-   .000000004000000000
Pdot:   3.400000D-15  +/-    2.000000D-16
Pepoch: 42004.
DM:      195.7000  +/-      .4000
w50:     16.00 ms     37.05 mP
s400:    23.00
RM:      203.00  +/-   10.00
d,z:       8.79    -.87   c 
model d:       8.79  (model 1)
L:       3.25
age:     6.30
Edot:   33.22
B:      12.09
