
PSR:    J1905-0056      B1902-01                             Scode:   4200
RAB:    19:02:52.72000  +/- 00:00:0 .04002
DECB:  -01:01:08.0000   +/- 00:00:01.0004
RAJ:    19:05:27.58487  +/- 00:00:0 .04002
DECJ:  -00:56:31.0713   +/- 00:00:01.0004
l,b:     33.692  -3.549
P:       .643175497029999990  +/-   .000000000080000000
Pdot:   3.056000D-15  +/-    2.000000D-18
Pepoch: 46075.
DM:      225.0000  +/-     1.0000
w50:     13.10 ms     20.37 mP
s400:     9.80
s1400:     .80
d,z:       6.78    -.42   ab
model d:       6.78  (model 1)
L:       2.65
age:     6.52
Edot:   32.66
B:      12.15
