
PSR:    J2308+5547      B2306+55                             Scode:    242
RAB:    23:06:02.42700  +/- 00:00:0 .01801
DECB:  +55:31:20.5200   +/- 00:00:0 .1500
RAJ:    23:08:13.83872  +/- 00:00:0 .01801
DECJ:  +55:47:36.0699   +/- 00:00:0 .1500
Epoch:  47555.
PMRA:   -15.000  +/-     8.000
PMDEC:     .000  +/-    27.000
l,b:    108.729  -4.206
P:       .475067591500000000  +/-   .000000000080000000
Pdot:   2.020000D-16  +/-    2.000000D-18
Pepoch: 43891.
DM:       47.0000  +/-      .4000
w50:     26.90 ms     56.62 mP
s400:    19.00
s1400:    1.90
RM:      -34.00  +/-    3.00
d,z:       2.43    -.18   aa
model d:       2.43  (model 1)
L:       2.05
age:     7.57
Edot:   31.87
B:      11.50
