
PSR:    J1733-2228      B1730-22                             Scode:   4012
RAB:    17:30:25.24000  +/- 00:00:0 .05995
DECB:  -22:26:34.0000   +/- 00:00:16.0061
RAJ:    17:33:26.41705  +/- 00:00:0 .05995
DECJ:  -22:28:36.4270   +/- 00:00:16.0061
l,b:      4.029   5.750
P:       .871682831913999980  +/-   .000000000017000000
Pdot:   4.210000D-17  +/-    9.000000D-19
Pepoch: 48417.
DM:       41.1900  +/-      .0900
w50:     12.20 ms     14.00 mP
s400:    25.00
s1400:    2.20
RM:       -9.00  +/-    4.00
d,z:       1.49     .15   aa
model d:       1.49  (model 1)
L:       1.74
age:     8.52
Edot:   30.40
B:      11.29
