
PSR:    J1915+1009      B1913+10                             Scode:   2504
RAB:    19:13:07.30000  +/- 00:00:0 .50054
DECB:  +10:04:32.0000   +/- 00:00:06.0023
RAJ:    19:15:29.76381  +/- 00:00:0 .50054
DECJ:  +10:09:51.2493   +/- 00:00:06.0023
l,b:     44.709   -.649
P:       .404537859200000020  +/-   .000000000200000000
Pdot:   1.530000D-14  +/-    2.000000D-16
Pepoch: 47050.
DM:      246.1000  +/-      .7000
w50:     35.60 ms     88.00 mP
s400:    23.00
s1400:    2.00
RM:      431.00  +/-   22.00
log tau_s:    -3.45
dl,du:     4.50   15.30
d,z:       5.37    -.06   aa
model d:       5.37  (model 1)
L:       2.82
age:     5.62
Edot:   33.96
B:      12.40
