
PSR:    J1623-0908      B1620-09                             Scode:     50
RAB:    16:20:34.21000  +/- 00:00:0 .02998
DECB:  -09:01:52.3000   +/- 00:00:01.4005
RAJ:    16:23:17.70081  +/- 00:00:0 .02998
DECJ:  -09:08:48.1269   +/- 00:00:01.4005
l,b:      5.297  27.178
P:      1.276445745270000000  +/-   .000000000030000000
Pdot:   2.579800D-15  +/-    1.700000D-18
Pepoch: 48382.
DM:       68.1500  +/-      .0900
w50:     14.70 ms     11.52 mP
s400:     6.00
s1400:     .60
RM:      -85.00  +/-   20.00
d,z:    >  3.86    1.76   a 
model d:    >  3.86  (model 1)
L:       1.95
age:     6.89
Edot:   31.69
B:      12.26
