
PSR:    J1640+2224      B                  Type: BMR         Scode: 200000
RAB:    16:38:08.88084  +/- 00:00:0 .00012
DECB:  +22:29:54.9752   +/- 00:00:0 .0030
RAJ:    16:40:16.74174  +/- 00:00:0 .00012
DECJ:  +22:24:09.0150   +/- 00:00:0 .0030
l,b:     41.051  38.271
P:       .003163315817340300  +/-   .000000000000000500
Pdot:   2.900000D-21  +/-    2.000000D-22
Pepoch: 49360.
DM:       18.4150  +/-      .0020
d,z:       1.18     .73   ba
model d:       1.18  (model 1)
L:        .00
age:    10.24
Edot:   33.56
B:       7.99
x:        55.3297220  +/-      .0000020
e:          .000797420  +/-      .000000050
T0:     49345.18200000  +/-       .00200000
Pb (s):  15159801.7152000  +/-           .1728000
Pb (d):  175.460668000000  +/-      .000002000000
Om:       50.715000  +/-     .0040000
