
PSR:    J1946+2611      B                                    Scode:   2000
RAB:    19:44:41.39431  +/- 00:00:0 .08003
DECB:  +26:04:23.1483   +/- 00:00:0 .8993
RAJ:    19:46:45.81000  +/- 00:00:0 .08003
DECJ:  +26:11:49.2000   +/- 00:00:0 .8993
l,b:     62.321    .595
P:       .435060254599999970  +/-   .000000000300000000
Pdot:   2.197000D-14  +/-    2.000000D-17
Pepoch: 49080.
DM:      165.0000  +/-     3.0000
s400:     1.50
d,z:       7.78     .08   aa
model d:       7.78  (model 1)
L:       1.96
age:     5.50
Edot:   34.02
B:      12.50
