
PSR:    J1225-6408      B1222-63                             Scode:   4010
RAB:    12:22:54.53000  +/- 00:00:0 .15951
DECB:  -63:52:06.7000   +/- 00:00:01.4995
RAJ:    12:25:42.80252  +/- 00:00:0 .15951
DECJ:  -64:08:43.2057   +/- 00:00:01.4995
l,b:    300.131  -1.414
P:       .419617791500000000  +/-   .000000000300000000
Pdot:   9.460000D-16  +/-    1.500000D-17
Pepoch: 43559.
DM:      416.0000  +/-     2.0000
w50:     15.00 ms     35.75 mP
s400:    11.00
s1400:    1.20
d,z:      24.82    -.61   c 
model d:      24.82  (model 1)
L:       3.83
age:     6.85
Edot:   32.70
B:      11.81
