
PSR:    J1911+1758      B                                    Scode:   2000
RAB:    19:09:42.22368  +/- 00:00:0 .00600
DECB:  +17:53:41.0724   +/- 00:00:0 .1099
RAJ:    19:11:55.39000  +/- 00:00:0 .00600
DECJ:  +17:58:45.7900   +/- 00:00:0 .1099
l,b:     51.238   3.738
P:       .460405818779999980  +/-   .000000000140000000
Pdot:   1.310000D-17  +/-    5.000000D-19
Pepoch: 49080.
DM:       48.9710  +/-      .0130
w50:      9.00 ms     19.55 mP
s400:     1.90
d,z:       2.54     .17   aa
model d:       2.54  (model 1)
L:       1.09
age:     8.75
Edot:   30.72
B:      10.90
