
PSR:    J2242+6950      B2241+69                             Scode:     40
RAB:    22:41:22.99000  +/- 00:00:0 .06999
DECB:  +69:35:07.3000   +/- 00:00:0 .2991
RAJ:    22:42:56.53633  +/- 00:00:0 .06999
DECJ:  +69:50:52.1682   +/- 00:00:0 .2991
l,b:    112.221   9.695
P:      1.664499279500000000  +/-   .000000000100000000
Pdot:   4.821000D-15  +/-    3.000000D-18
Pepoch: 46075.
DM:       40.7000  +/-      .8000
w50:     25.80 ms     15.50 mP
s400:     2.40
s1400:     .40
d,z:       2.30     .39   aa
model d:       2.30  (model 1)
L:       1.10
age:     6.74
Edot:   31.62
B:      12.46
