
PSR:    J2048-1616      B2045-16                             Scode:   4011
RAB:    20:45:47.07400  +/- 00:00:0 .00400
DECB:  -16:27:52.3400   +/- 00:00:0 .0800
RAJ:    20:48:35.47218  +/- 00:00:0 .00400
DECJ:  -16:16:44.4461   +/- 00:00:0 .0800
Epoch:  46573.
PMRA:    85.000  +/-    16.000
PMDEC:  -43.000  +/-    17.000
l,b:     30.514 -33.076
P:      1.961566879849999900  +/-   .000000000020000000
Pdot:   1.096100D-14  +/-    2.000000D-19
Pepoch: 40695.
DM:       11.5100  +/-      .0100
w50:     84.20 ms     42.92 mP
s400:   116.00
s1400:   13.00
RM:      -10.00  +/-     .07
log tau_s:    -8.31
d,z:        .64    -.35   aa
model d:        .64  (model 1)
L:       1.68
age:     6.45
Edot:   31.76
B:      12.67
