
PSR:    J1909+0254      B1907+02                             Scode:     12
RAB:    19:07:07.74600  +/- 00:00:0 .00199
DECB:  +02:49:56.3400   +/- 00:00:0 .1500
RAJ:    19:09:38.30550  +/- 00:00:0 .00199
DECJ:  +02:54:50.9454   +/- 00:00:0 .1500
l,b:     37.605  -2.713
P:       .989827728010000070  +/-   .000000000013000000
Pdot:   5.528680D-15  +/-    1.600000D-19
Pepoch: 42416.
DM:      172.1000  +/-      .2000
w50:     12.50 ms     12.63 mP
s400:    21.00
s1400:     .70
log tau_s:    -4.70
d,z:       4.37    -.21   ab
model d:       4.37  (model 1)
L:       2.60
age:     6.45
Edot:   32.35
B:      12.37
