
PSR:    J1921+2153      B1919+21                             Scode:   2626
RAB:    19:19:36.16300  +/- 00:00:0 .00300
DECB:  +21:47:16.3000   +/- 00:00:0 .0800
RAJ:    19:21:44.79808  +/- 00:00:0 .00300
DECJ:  +21:53:01.8288   +/- 00:00:0 .0800
Epoch:  42084.
PMRA:    11.000  +/-    14.000
PMDEC:    2.000  +/-    15.000
l,b:     55.777   3.501
P:      1.337301192268999900  +/-   .000000000006000000
Pdot:   1.348090D-15  +/-    5.000000D-20
Pepoch: 40689.
DM:       12.4309  +/-      .0006
w50:     30.90 ms     23.11 mP
s400:    57.00
s1400:    6.00
RM:      -16.50  +/-     .50
log tau_s:    -7.99
dl,du:      .00    4.00
d,z:        .66     .04   aa
model d:        .66  (model 1)
L:       1.40
age:     7.20
Edot:   31.35
B:      12.13
