
PSR:    J1924+2040      B1922+20                             Scode:      4
RAB:    19:22:30.00000  +/- 00:00:12.00461
DECB:  +20:34:06.0000   +/- 00:00:29.9084
RAJ:    19:24:40.28263  +/- 00:00:12.00461
DECJ:  +20:40:03.4407   +/- 00:00:29.9084
l,b:     55.023   2.328
P:       .237790138000000010  +/-   .000000008000000000
Pdot:   2.090000D-15  +/-    1.200000D-16
Pepoch: 43957.
DM:      213.0000  +/-    10.0000
w50:     16.00 ms     67.29 mP
s400:     4.00
d,z:      10.74     .44   bb
model d:      10.74  (model 1)
L:       2.66
age:     6.26
Edot:   33.79
B:      11.85
