
PSR:    J0454+5543      B0450+55                             Scode:     60
RAB:    04:50:0 .23400  +/- 00:00:0 .00300
DECB:  +55:38:48.5000   +/- 00:00:0 .1000
RAJ:    04:54:07.62071  +/- 00:00:0 .00300
DECJ:  +55:43:41.2168   +/- 00:00:0 .1000
Epoch:  46460.
PMRA:    52.000  +/-     6.000
PMDEC:  -17.000  +/-     2.000
l,b:    152.617   7.547
P:       .340729130149000030  +/-   .000000000003000000
Pdot:   2.365600D-15  +/-    2.000000D-19
Pepoch: 48416.
DM:       14.6020  +/-      .0180
w50:      8.10 ms     23.77 mP
s400:    59.00
s1400:   13.00
RM:       10.00  +/-    3.00
log tau_s:    -7.59
d,z:        .79     .10   aa
model d:        .79  (model 1)
L:       1.57
age:     6.36
Edot:   33.37
B:      11.96
