
PSR:    J2022+2854      B2020+28                             Scode:    222
RAB:    20:20:33.28700  +/- 00:00:0 .00300
DECB:  +28:44:42.9700   +/- 00:00:0 .0299
RAJ:    20:22:37.07910  +/- 00:00:0 .00300
DECJ:  +28:54:23.4504   +/- 00:00:0 .0299
Epoch:  42370.
PMRA:    -9.000  +/-     3.000
PMDEC:  -13.000  +/-     2.000
l,b:     68.863  -4.671
P:       .343401720193000030  +/-   .000000000009000000
Pdot:   1.893500D-15  +/-    5.000000D-19
Pepoch: 47018.
DM:       24.6200  +/-      .0200
w50:     12.00 ms     34.94 mP
s400:    71.00
s1400:   38.00
RM:      -74.70  +/-     .30
log tau_s:    -7.74
dl,du:     1.00   99.00
d,z:       1.30    -.11   aa
model d:       1.30  (model 1)
L:       2.08
age:     6.46
Edot:   33.27
B:      11.91
