
PSR:    J0055+5117      B0052+51                             Scode:     40
RAB:    00:52:52.15000  +/- 00:00:0 .02998
DECB:  +51:01:10.7000   +/- 00:00:0 .2991
RAJ:    00:55:45.39222  +/- 00:00:0 .02998
DECJ:  +51:17:24.8000   +/- 00:00:0 .2991
l,b:    123.621 -11.576
P:      2.115168224800000100  +/-   .000000000100000000
Pdot:   9.541000D-15  +/-    7.000000D-18
Pepoch: 46116.
DM:       43.0000  +/-     1.0000
w50:     73.00 ms     34.51 mP
s400:     3.40
s1400:    1.50
d,z:       2.35    -.47   aa
model d:       2.35  (model 1)
L:       1.27
age:     6.55
Edot:   31.60
B:      12.66
