
PSR:    J1822-2256      B1819-22                             Scode:   4012
RAB:    18:19:57.02000  +/- 00:00:0 .14989
DECB:  -22:58:23.0000   +/- 00:00:54.0414
RAJ:    18:22:58.96533  +/- 00:00:0 .14989
DECJ:  -22:56:49.2787   +/- 00:00:54.0414
l,b:      9.344  -4.375
P:      1.874268476379999900  +/-   .000000000050000000
Pdot:   1.353000D-15  +/-    3.000000D-18
Pepoch: 48382.
DM:      121.1400  +/-      .1500
w50:     73.30 ms     39.11 mP
s400:    25.00
s1400:    3.20
RM:      142.00  +/-    4.00
d,z:       3.43    -.26   aa
model d:       3.43  (model 1)
L:       2.47
age:     7.34
Edot:   30.91
B:      12.21
