
PSR:    J1946-2913      B1943-29                             Scode:   4010
RAB:    19:43:44.36000  +/- 00:00:0 .02998
DECB:  -29:21:11.1000   +/- 00:00:01.4995
RAJ:    19:46:51.71681  +/- 00:00:0 .02998
DECJ:  -29:13:46.7133   +/- 00:00:01.4995
l,b:     11.108 -24.121
P:       .959447886144000010  +/-   .000000000019000000
Pdot:   1.488500D-15  +/-    9.000000D-19
Pepoch: 48383.
DM:       44.1900  +/-      .1100
w50:      9.70 ms     10.11 mP
s400:     9.30
s1400:     .80
d,z:    >  4.31   -1.76   c 
model d:    >  4.31  (model 1)
L:       2.24
age:     7.01
Edot:   31.82
B:      12.08
