
PSR:    J2155-3118      B2152-31                             Scode:   4010
RAB:    21:52:18.43000  +/- 00:00:0 .05995
DECB:  -31:33:08.6000   +/- 00:00:01.6006
RAJ:    21:55:13.56654  +/- 00:00:0 .05995
DECJ:  -31:18:54.6698   +/- 00:00:01.6006
l,b:     15.846 -51.577
P:      1.030001559100000000  +/-   .000000000300000000
Pdot:   1.235000D-15  +/-    1.200000D-17
Pepoch: 43557.
DM:       14.4000  +/-      .4000
w50:     19.90 ms     19.32 mP
s400:    12.00
s1400:     .50
RM:       21.00  +/-    3.00
d,z:        .92    -.72   bb
model d:        .92  (model 1)
L:       1.01
age:     7.12
Edot:   31.65
B:      12.06
