
PSR:    J2253+1516      B                                    Scode:  10000
RAB:    22:50:46.05150  +/- 00:00:0 .00400
DECB:  +15:00:39.5376   +/- 00:00:0 .0800
RAJ:    22:53:14.53300  +/- 00:00:0 .00400
DECJ:  +15:16:37.8300   +/- 00:00:0 .0800
l,b:     85.305 -38.809
P:       .792235920118000040  +/-   .000000000004000000
Pdot:   6.650000D-17  +/-    4.000000D-19
Pepoch: 49080.
DM:       29.1820  +/-      .0090
w50:      8.00 ms     10.10 mP
s400:     2.40
d,z:    >  2.81   -1.76   a 
model d:    >  2.81  (model 1)
L:       1.28
age:     8.28
Edot:   30.72
B:      11.37
