
PSR:    J2008+2513      B                                    Scode:   2000
RAB:    20:06:28.34936  +/- 00:00:0 .01100
DECB:  +25:04:41.0802   +/- 00:00:0 .1601
RAJ:    20:08:35.48200  +/- 00:00:0 .01100
DECJ:  +25:13:30.3600   +/- 00:00:0 .1601
l,b:     64.055  -4.107
P:       .589195503320000040  +/-   .000000000060000000
Pdot:   5.395000D-15  +/-    4.000000D-18
Pepoch: 49080.
DM:       60.5540  +/-      .0090
w50:     11.00 ms     18.67 mP
s400:     2.70
d,z:       3.22    -.23   ba
model d:       3.22  (model 1)
L:       1.45
age:     6.24
Edot:   33.02
B:      12.26
