
PSR:    J0502+4654      B0458+46           Type: S           Scode:    220
RAB:    04:58:21.91000  +/- 00:00:0 .01100
DECB:  +46:49:47.7000   +/- 00:00:0 .2991
RAJ:    05:02:04.56982  +/- 00:00:0 .01100
DECJ:  +46:54:06.1288   +/- 00:00:0 .2991
Epoch:  48383.
PMRA:    -8.000  +/-     3.000
PMDEC:    8.000  +/-     5.000
l,b:    160.363   3.077
P:       .638565320406999980  +/-   .000000000005000000
Pdot:   5.583100D-15  +/-    3.000000D-19
Pepoch: 48383.
DM:       42.0900  +/-      .0400
w50:     22.70 ms     35.55 mP
s400:    10.80
s1400:    2.50
RM:      -43.00  +/-    6.00
d,z:       1.78     .10   aa
model d:       1.78  (model 1)
L:       1.53
age:     6.26
Edot:   32.93
B:      12.28
