
PSR:    J1114-6100      B1112-60                             Scode:   1000
RAB:    11:12:13.02000  +/- 00:00:0 .01994
DECB:  -60:44:12.8600   +/- 00:00:0 .1099
RAJ:    11:14:22.52285  +/- 00:00:0 .01994
DECJ:  -61:00:34.2112   +/- 00:00:0 .1099
l,b:    291.443   -.322
P:       .880819625490000040  +/-   .000000000020000000
Pdot:   4.608760D-14  +/-    6.000000D-19
Pepoch: 47911.
DM:      676.8000  +/-      .1100
w50:     31.00 ms     35.19 mP
s1400:    5.00
log tau_s:    -1.68
d,z:    > 30.00    -.17   b 
model d:    > 30.00  (model 1)
L:       3.59
age:     5.48
Edot:   33.43
B:      12.81
