
PSR:    J1902+0556      B1900+05                             Scode:  20104
RAB:    19:00:15.54000  +/- 00:00:0 .01994
DECB:  +05:52:0 .9000   +/- 00:00:0 .6992
RAJ:    19:02:42.64320  +/- 00:00:0 .01994
DECJ:  +05:56:26.5408   +/- 00:00:0 .6992
l,b:     39.502    .210
P:       .746569709990000050  +/-   .000000000030000000
Pdot:   1.289600D-14  +/-    2.000000D-18
Pepoch: 42855.
DM:      179.7000  +/-     1.6000
w50:     27.20 ms     36.43 mP
s400:    15.00
s1400:    2.30
RM:     -113.00  +/-   11.00
dl,du:     2.70    4.80
d,z:       3.93     .01   aa
model d:       3.93  (model 1)
L:       2.37
age:     5.96
Edot:   33.09
B:      12.50
