
PSR:    J2046-0421      B2043-04                             Scode:   4010
RAB:    20:43:22.44000  +/- 00:00:0 .01994
DECB:  -04:32:25.0000   +/- 00:00:0 .8003
RAJ:    20:46:0 .11782  +/- 00:00:0 .01994
DECJ:  -04:21:25.2759   +/- 00:00:0 .8003
Epoch:  44240.
PMRA:     9.000  +/-    16.000
PMDEC:   -7.000  +/-     8.000
l,b:     42.679 -27.387
P:      1.546937500230000100  +/-   .000000000090000000
Pdot:   1.476000D-15  +/-    2.000000D-18
Pepoch: 43891.
DM:       35.9000  +/-      .5000
w50:     20.80 ms     13.45 mP
s400:    20.00
s1400:    1.70
RM:       -1.00  +/-    3.00
log tau_s:    -6.92
d,z:    >  3.83   -1.76   c 
model d:    >  3.83  (model 1)
L:       2.47
age:     7.22
Edot:   31.20
B:      12.18
