
PSR:    J1527-3931      B1524-39                             Scode:   4010
RAB:    15:24:42.11000  +/- 00:00:0 .08003
DECB:  -39:21:12.0000   +/- 00:00:02.9908
RAJ:    15:27:58.93472  +/- 00:00:0 .08003
DECJ:  -39:31:34.6767   +/- 00:00:02.9908
l,b:    333.050  14.020
P:      2.417582270100000000  +/-   .000000000900000000
Pdot:   1.907000D-14  +/-    4.000000D-17
Pepoch: 43559.
DM:       49.0000  +/-     3.0000
w50:     44.00 ms     18.20 mP
s400:    11.00
d,z:       2.01     .49   ab
model d:       2.01  (model 1)
L:       1.65
age:     6.30
Edot:   31.73
B:      12.84
