
PSR:    J1748-2446A     B1744-24A          Type: BCMR        Scode:      0
RAB:    17:44:57.71520  +/- 00:00:0 .00110
DECB:  -24:45:38.7000   +/- 00:00:0 .4992
RAJ:    17:48:02.25338  +/- 00:00:0 .00110
DECJ:  -24:46:37.6967   +/- 00:00:0 .4992
l,b:      3.836   1.696
P:       .011563148389659999  +/-   .000000000000020000
Pdot:  -1.900000D-20  +/-    2.000000D-21
Pepoch: 48270.
DM:      242.1400  +/-      .0100
w50:       .80 ms     69.19 mP
s1400:    2.50
log tau_s:    -3.88
dl,du:     6.40    7.80
d,z:       7.10     .21   ba
model d:       4.46  (model 1)
x:          .1196300  +/-      .0000200
e:          .000000000  +/-      .001200000
T0:     48270.02997040  +/-       .00000070
Pb (s):      6535.8245088  +/-           .0000346
Pb (d):     .075646117000  +/-      .000000000400
Om:         .000000  +/-     .0000000
