
PSR:    J1038-5831      B1036-58                             Scode:   1000
RAB:    10:36:24.24000  +/- 00:00:0 .01000
DECB:  -58:15:49.5300   +/- 00:00:0 .0800
RAJ:    10:38:19.70503  +/- 00:00:0 .01000
DECJ:  -58:31:27.1828   +/- 00:00:0 .0800
l,b:    286.284   -.023
P:       .661992094031999990  +/-   .000000000011000000
Pdot:   1.251200D-15  +/-    3.000000D-19
Pepoch: 47911.
DM:       72.7400  +/-      .0300
w50:     17.00 ms     25.68 mP
s1400:    1.30
RM:      -53.00  +/-   20.00
log tau_s:  < -2.87
d,z:       2.43     .00   aa
model d:       2.43  (model 1)
L:       1.52
age:     6.92
Edot:   32.23
B:      11.96
