
PSR:    J1555-3134      B1552-31                             Scode:   4010
RAB:    15:52:09.32000  +/- 00:00:0 .00700
DECB:  -31:25:35.0000   +/- 00:00:0 .2991
RAJ:    15:55:17.96635  +/- 00:00:0 .00700
DECJ:  -31:34:19.6047   +/- 00:00:0 .2991
l,b:    342.699  16.757
P:       .518109771779999950  +/-   .000000000002000000
Pdot:   6.218000D-17  +/-    1.200000D-19
Pepoch: 48382.
DM:       73.0660  +/-      .0150
w50:     27.00 ms     52.11 mP
s400:    19.00
s1400:    1.40
RM:      -49.00  +/-    6.00
d,z:    >  6.10    1.76   d 
model d:    >  6.10  (model 1)
L:       2.85
age:     8.12
Edot:   31.25
B:      11.26
