
PSR:    J1605-5257      B1601-52                             Scode:   5010
RAB:    16:01:25.38000  +/- 00:00:0 .18014
DECB:  -52:49:26.0000   +/- 00:00:02.9908
RAJ:    16:05:16.26154  +/- 00:00:0 .18014
DECJ:  -52:57:34.3449   +/- 00:00:02.9908
l,b:    329.732   -.484
P:       .658013100699999960  +/-   .000000000500000000
Pdot:   2.560000D-16  +/-    1.900000D-17
Pepoch: 43557.
DM:       32.0000  +/-     3.0000
w50:     62.00 ms     94.22 mP
s400:    30.00
s1400:   10.00
RM:        9.00  +/-    3.00
d,z:       1.24    -.01   aa
model d:       1.24  (model 1)
L:       1.66
age:     7.61
Edot:   31.55
B:      11.62
