
PSR:    J1739-2903      B1736-29           Type: GI          Scode:   1100
RAB:    17:36:23.60000  +/- 00:00:0 .01994
DECB:  -29:01:26.0000   +/- 00:00:02.9908
RAJ:    17:39:34.28376  +/- 00:00:0 .01994
DECJ:  -29:03:02.1240   +/- 00:00:02.9908
l,b:    359.206   1.064
P:       .322881956330000000  +/-   .000000000050000000
Pdot:   7.850000D-15  +/-    1.000000D-17
Pepoch: 48750.
DM:      139.0000  +/-     1.0000
w50:      3.20 ms      9.91 mP
s1400:    2.00
log tau_s:  < -2.86
d,z:       3.20     .06   aa
model d:       3.20  (model 1)
L:       2.02
age:     5.81
Edot:   33.96
B:      12.21
