
PSR:    J1413-6307      B1409-62                             Scode:   1000
RAB:    14:09:46.28000  +/- 00:00:0 .00800
DECB:  -62:53:34.1900   +/- 00:00:0 .0699
RAJ:    14:13:31.31643  +/- 00:00:0 .00800
DECJ:  -63:07:35.4507   +/- 00:00:0 .0699
l,b:    312.053  -1.718
P:       .394945790783999990  +/-   .000000000002000000
Pdot:   7.434300D-15  +/-    2.000000D-19
Pepoch: 48376.
DM:      121.9800  +/-      .0600
w50:      6.00 ms     15.19 mP
s1400:    2.10
log tau_s:  < -2.71
d,z:       3.68    -.11   ba
model d:       3.68  (model 1)
L:       1.82
age:     5.93
Edot:   33.68
B:      12.24
