
PSR:    J0102+6537      B0059+65                             Scode:    220
RAB:    00:59:20.64000  +/- 00:00:0 .08003
DECB:  +65:21:06.4000   +/- 00:00:0 .4992
RAJ:    01:02:32.90690  +/- 00:00:0 .08003
DECJ:  +65:37:13.2583   +/- 00:00:0 .4992
l,b:    124.079   2.773
P:      1.679163564480000000  +/-   .000000000050000000
Pdot:   5.944000D-15  +/-    3.000000D-18
Pepoch: 48382.
DM:       65.8400  +/-      .1300
w50:     89.70 ms     53.42 mP
s400:     8.50
s1400:    1.20
d,z:       2.45     .12   aa
model d:       2.45  (model 1)
L:       1.71
age:     6.65
Edot:   31.70
B:      12.51
