
PSR:    J1112-6613      B1110-65                             Scode:   4010
RAB:    11:10:36.33000  +/- 00:00:0 .08993
DECB:  -65:56:44.9000   +/- 00:00:0 .4992
RAJ:    11:12:38.53425  +/- 00:00:0 .08993
DECJ:  -66:13:04.7966   +/- 00:00:0 .4992
l,b:    293.190  -5.233
P:       .334212839779999990  +/-   .000000000060000000
Pdot:   8.240000D-16  +/-    3.000000D-18
Pepoch: 43556.
DM:      249.3000  +/-     1.0000
w50:     14.00 ms     41.89 mP
s400:    19.00
RM:     -370.00  +/-   50.00
d,z:    > 19.29   -1.76   d 
model d:    > 19.29  (model 1)
L:       3.85
age:     6.81
Edot:   32.94
B:      11.73
