
PSR:    J2205+1444      B                                    Scode:  10000
RAB:    22:02:51.92316  +/- 00:00:0 .01299
DECB:  +14:29:54.7064   +/- 00:00:0 .4002
RAJ:    22:05:17.24700  +/- 00:00:0 .01299
DECJ:  +14:44:31.3000   +/- 00:00:0 .4002
l,b:     73.886 -31.885
P:       .938014228130000020  +/-   .000000000100000000
Pdot:   9.000000D-16  +/-    7.000000D-18
Pepoch: 49080.
DM:       36.7170  +/-      .0140
w50:      8.00 ms      8.53 mP
s400:     1.50
d,z:    >  3.33   -1.76   a 
model d:    >  3.33  (model 1)
L:       1.22
age:     7.22
Edot:   31.63
B:      11.97
