
PSR:    J0742-2822      B0740-28                             Scode:   4010
RAB:    07:40:47.81300  +/- 00:00:0 .00300
DECB:  -28:15:33.3600   +/- 00:00:0 .1401
RAJ:    07:42:49.07270  +/- 00:00:0 .00300
DECJ:  -28:22:44.0154   +/- 00:00:0 .1401
Epoch:  46573.
PMRA:   -29.000  +/-      .900
PMDEC:    -.100  +/-      .400
l,b:    243.774  -2.444
P:       .166760919792000000  +/-   .000000000002000000
Pdot:   1.681152D-14  +/-    1.800000D-19
Pepoch: 48382.
DM:       73.7700  +/-      .0200
w50:      5.70 ms     34.18 mP
s400:   296.00
s1400:   23.00
RM:      150.43  +/-     .05
log tau_s:    -5.11
dl,du:     1.10    7.80
d,z:       1.89    -.08   cb
model d:       1.89  (model 1)
L:       3.02
age:     5.20
Edot:   35.16
B:      12.23
