
PSR:    J0856-6137      B0855-61                             Scode:   4010
RAB:    08:55:54.02000  +/- 00:00:0 .08993
DECB:  -61:26:15.8000   +/- 00:00:0 .4992
RAJ:    08:56:59.31033  +/- 00:00:0 .08993
DECJ:  -61:37:53.3442   +/- 00:00:0 .4992
l,b:    278.575 -10.427
P:       .962508557300000070  +/-   .000000000300000000
Pdot:   1.677000D-15  +/-    1.000000D-17
Pepoch: 43557.
DM:       95.0000  +/-     3.0000
w50:     23.00 ms     23.90 mP
s400:    11.00
d,z:       6.52   -1.18   b 
model d:       6.52  (model 1)
L:       2.67
age:     6.96
Edot:   31.87
B:      12.11
