
PSR:    J2324-6054      B2321-61                             Scode:     10
RAB:    23:21:33.70000  +/- 00:00:0 .40015
DECB:  -61:10:33.0000   +/- 00:00:02.9908
RAJ:    23:24:26.86720  +/- 00:00:0 .40015
DECJ:  -60:54:03.8895   +/- 00:00:02.9908
l,b:    320.426 -53.172
P:      2.347485196000000100  +/-   .000000003000000000
Pdot:   2.600000D-15  +/-    1.100000D-16
Pepoch: 43557.
DM:       16.0000  +/-     4.0000
w50:     60.00 ms     25.56 mP
s400:     4.00
RM:       39.00  +/-    6.00
d,z:       1.12    -.90   bb
model d:       1.12  (model 1)
L:        .70
age:     7.16
Edot:   30.90
B:      12.40
