
PSR:    J1012-5857      B1011-58                             Scode:   5000
RAB:    10:11:04.90000  +/- 00:00:0 .29977
DECB:  -58:42:47.2000   +/- 00:00:0 .2001
RAJ:    10:12:48.49032  +/- 00:00:0 .29977
DECJ:  -58:57:39.9560   +/- 00:00:0 .2001
l,b:    283.706  -2.144
P:       .819911496200000030  +/-   .000000000300000000
Pdot:   1.769000D-14  +/-    1.000000D-17
Pepoch: 48016.
DM:      383.8630  +/-      .0060
w50:     18.00 ms     21.95 mP
s1400:    1.60
log tau_s:    -2.58
d,z:      10.15    -.38   dd
model d:      10.15  (model 1)
L:       3.17
age:     5.87
Edot:   33.10
B:      12.59
