
PSR:    J1652+2651      B                                    Scode:      0
RAB:    16:50:01.60491  +/- 00:00:0 .29977
DECB:  +26:56:36.9977   +/- 00:00:01.0004
RAJ:    16:52:03.00000  +/- 00:00:0 .29977
DECJ:  +26:51:40.0000   +/- 00:00:01.0004
l,b:     47.401  36.954
P:       .915803366500000050  +/-   .000000000300000000
Pdot:   6.000000D-16  +/-    3.000000D-16
Pepoch: 49427.
DM:       41.0000  +/-      .9000
d,z:    >  2.93    1.76   a 
model d:    >  2.93  (model 1)
L:        .00
age:     7.38
Edot:   31.49
B:      11.88
