
PSR:    J0738-4042      B0736-40                             Scode:   4011
RAB:    07:36:50.90700  +/- 00:00:0 .00300
DECB:  -40:35:46.7700   +/- 00:00:0 .0400
RAJ:    07:38:32.43200  +/- 00:00:0 .00300
DECJ:  -40:42:41.1464   +/- 00:00:0 .0400
Epoch:  41331.
PMRA:   -56.000  +/-     9.000
PMDEC:   46.000  +/-     8.000
l,b:    254.194  -9.192
P:       .374918710980000010  +/-   .000000000030000000
Pdot:   1.614000D-15  +/-    3.000000D-19
Pepoch: 42554.
DM:      160.8000  +/-      .7000
w50:     29.00 ms     77.35 mP
s400:   190.00
s1400:   80.00
RM:       13.50  +/-     .40
dl,du:     1.00   99.00
d,z:    > 11.03   -1.76   c 
model d:    > 11.03  (model 1)
L:       4.36
age:     6.57
Edot:   33.08
B:      11.90
