
PSR:    J2002+4050      B2000+40                             Scode:    200
RAB:    20:00:59.94000  +/- 00:00:0 .02998
DECB:  +40:42:26.6000   +/- 00:00:0 .2991
RAJ:    20:02:44.04047  +/- 00:00:0 .02998
DECJ:  +40:50:54.7055   +/- 00:00:0 .2991
l,b:     76.612   5.289
P:       .905066252120000030  +/-   .000000000060000000
Pdot:   1.744000D-15  +/-    2.000000D-18
Pepoch: 46105.
DM:      128.0000  +/-     1.0000
w50:     24.80 ms     27.40 mP
s400:    53.00
s1400:    4.90
RM:      145.00  +/-    7.00
d,z:       7.93     .73   bb
model d:       7.93  (model 1)
L:       3.52
age:     6.92
Edot:   31.97
B:      12.10
