
PSR:    J1321+8323      B1322+83                             Scode:     60
RAB:    13:22:39.20000  +/- 00:00:0 .19939
DECB:  +83:39:17.5000   +/- 00:00:0 .2991
RAJ:    13:21:46.32198  +/- 00:00:0 .19939
DECJ:  +83:23:39.1561   +/- 00:00:0 .2991
Epoch:  46460.
PMRA:   -53.000  +/-    20.000
PMDEC:   13.000  +/-     7.000
l,b:    121.887  33.672
P:       .670037393641000010  +/-   .000000000018000000
Pdot:   5.660000D-16  +/-    1.000000D-18
Pepoch: 48383.
DM:       13.2700  +/-      .1000
w50:     19.60 ms     29.25 mP
s400:    11.00
s1400:     .90
d,z:        .77     .43   aa
model d:        .77  (model 1)
L:        .81
age:     7.27
Edot:   31.87
B:      11.80
