
PSR:    J1900-7951      B1851-79                             Scode:     10
RAB:    18:51:46.80000  +/- 00:00:0 .50054
DECB:  -79:55:51.1000   +/- 00:00:01.2005
RAJ:    19:00:24.35785  +/- 00:00:0 .50054
DECJ:  -79:51:48.2453   +/- 00:00:01.2005
l,b:    314.322 -27.065
P:      1.279193193500000000  +/-   .000000000600000000
Pdot:   1.860000D-15  +/-    3.000000D-17
Pepoch: 43565.
DM:       39.0000  +/-     5.0000
w50:     30.00 ms     23.45 mP
s400:     6.50
RM:       43.00  +/-   12.00
d,z:    >  3.87   -1.76   c 
model d:    >  3.87  (model 1)
L:       1.99
age:     7.04
Edot:   31.55
B:      12.19
