
PSR:    J0534+2200      B0531+21           Type: GHIS        Scode:      0
RAB:    05:31:31.40500  +/- 00:00:0 .00501
DECB:  +21:58:54.3900   +/- 00:00:0 .0600
RAJ:    05:34:31.97316  +/- 00:00:0 .00501
DECJ:  +22:00:52.0607   +/- 00:00:0 .0600
Epoch:  40675.
PMRA:   -12.000  +/-     3.000
PMDEC:    5.000  +/-     4.000
l,b:    184.558  -5.784
P:       .033403347409400000  +/-   .000000000000200000
Pdot:   4.209599D-13  +/-    2.000000D-19
Pepoch: 48743.
f2:     9.760000D-21  +/-    7.000000D-23
DM:       56.7910  +/-      .0010
w50:      3.00 ms     89.81 mP
s400:   646.00
s1400:   14.00
RM:      -42.30  +/-     .50
log tau_s:    -5.82
dl,du:     1.50    2.50
d,z:       2.00    -.20   aa
model d:       2.49  (model 1)
L:       3.41
age:     3.10
Edot:   38.65
B:      12.58
