
PSR:    J1340-6456      B1336-64                             Scode:   4010
RAB:    13:36:27.50000  +/- 00:00:0 .05005
DECB:  -64:41:31.4000   +/- 00:00:0 .2991
RAJ:    13:40:0 .32246  +/- 00:00:0 .05005
DECJ:  -64:56:42.8889   +/- 00:00:0 .2991
l,b:    308.047  -2.557
P:       .378622066280000000  +/-   .000000000040000000
Pdot:   5.051200D-15  +/-    1.600000D-18
Pepoch: 43565.
DM:       77.0000  +/-     2.0000
w50:     13.00 ms     34.34 mP
s400:     9.00
s1400:    1.10
d,z:       1.93    -.09   aa
model d:       1.93  (model 1)
L:       1.53
age:     6.08
Edot:   33.57
B:      12.15
