
PSR:    J0335+4555      B0331+45                             Scode:     40
RAB:    03:31:47.63300  +/- 00:00:0 .00199
DECB:  +45:45:55.2800   +/- 00:00:0 .0499
RAJ:    03:35:16.63339  +/- 00:00:0 .00199
DECJ:  +45:55:52.9751   +/- 00:00:0 .0499
l,b:    150.349  -8.038
P:       .269200539980100020  +/-   .000000000001000000
Pdot:   7.390000D-18  +/-    7.000000D-20
Pepoch: 48416.
DM:       47.1550  +/-      .0200
w50:      6.10 ms     22.66 mP
s400:     6.00
s1400:     .80
RM:      -41.00  +/-   20.00
d,z:       2.08    -.29   aa
model d:       2.08  (model 1)
L:       1.41
age:     8.76
Edot:   31.18
B:      10.66
