
PSR:    J1017-5621      B1015-56                             Scode:   5010
RAB:    10:15:22.78000  +/- 00:00:0 .05995
DECB:  -56:06:29.4000   +/- 00:00:0 .4002
RAJ:    10:17:12.85737  +/- 00:00:0 .05995
DECJ:  -56:21:30.6857   +/- 00:00:0 .4002
l,b:    282.732    .341
P:       .503458815460000040  +/-   .000000000080000000
Pdot:   3.130000D-15  +/-    4.000000D-18
Pepoch: 43558.
DM:      439.1000  +/-      .9000
w50:     22.00 ms     43.70 mP
s400:    15.00
s1400:    2.00
log tau_s:  < -3.93
d,z:      11.77     .07   dc
model d:      11.77  (model 1)
L:       3.32
age:     6.41
Edot:   32.99
B:      12.10
