
PSR:    J2055+2209      B2053+21                             Scode:    200
RAB:    20:53:24.98000  +/- 00:00:0 .01994
DECB:  +21:57:56.1000   +/- 00:00:0 .2991
RAJ:    20:55:39.14967  +/- 00:00:0 .01994
DECJ:  +22:09:27.5988   +/- 00:00:0 .2991
l,b:     67.833 -14.668
P:       .815180679989999990  +/-   .000000000050000000
Pdot:   1.339000D-15  +/-    2.000000D-18
Pepoch: 46075.
DM:       35.8000  +/-      .8000
w50:     16.90 ms     20.73 mP
s400:     9.00
d,z:       2.11    -.53   aa
model d:       2.11  (model 1)
L:       1.60
age:     6.98
Edot:   31.99
B:      12.02
