
PSR:    J1758+30        B                                    Scode:      0
RAB:    17:56:38.45747  +/- 00:00:15.95115
DECB:  +30:25:10.5148   +/- 00:04:59.0840
RAJ:    17:58:33.00000  +/- 00:00:15.95115
DECJ:  +30:25:0 .0000   +/- 00:04:59.0840
l,b:     56.180  23.979
P:       .947256000000000100  +/-   .000001000000000000
DM:       36.0000  +/-     7.0000
d,z:       2.88    1.17   b 
model d:       2.88  (model 1)
